2 0.640212 0.559979 0.140154 0.172260 0.868728
2 0.279694 0.549169 0.044380 0.051524 0.788050
9 0.337397 0.348649 0.014929 0.054782 0.522702
2 0.744976 0.502799 0.054603 0.060288 0.474080
2 0.847870 0.480089 0.051149 0.040780 0.467722
2 0.970478 0.481271 0.032491 0.053392 0.460012
2 0.800527 0.498801 0.031883 0.056007 0.405739
9 0.237697 0.339833 0.014107 0.048612 0.348787
0 0.565682 0.510686 0.010637 0.047209 0.290633
2 0.962581 0.480081 0.049655 0.054195 0.289433
2 0.766270 0.502807 0.098931 0.060617 0.287914
2 0.821370 0.483285 0.024189 0.033210 0.275232
9 0.315573 0.453481 0.014572 0.061350 0.264292
