2 0.691545 0.434513 0.118411 0.075483 0.821272
2 0.331480 0.436733 0.061423 0.091113 0.780979
2 0.038593 0.480463 0.076654 0.293644 0.769350
2 0.275955 0.465447 0.090240 0.147607 0.762392
2 0.798625 0.437088 0.102955 0.081110 0.743679
2 0.426219 0.429385 0.092970 0.059486 0.740941
2 0.964598 0.417309 0.069978 0.053884 0.722145
2 0.155824 0.500860 0.174836 0.257134 0.602470
2 0.365872 0.428073 0.035995 0.064507 0.602355
2 0.478531 0.423925 0.024679 0.037897 0.446602
2 0.501635 0.849704 0.989163 0.268859 0.430983
2 0.458330 0.426719 0.036219 0.052082 0.313188
