2 0.867985 0.880809 0.263639 0.228611 0.927019
2 0.695552 0.878065 0.184862 0.194028 0.887584
2 0.511482 0.847033 0.102776 0.144587 0.832723
2 0.358991 0.805747 0.032699 0.042932 0.703800
5 0.087614 0.783465 0.075760 0.080520 0.626815
2 0.457763 0.813088 0.035230 0.048598 0.613655
0 0.592141 0.836518 0.019435 0.130502 0.410421
2 0.431909 0.803280 0.022480 0.035347 0.371103
2 0.404312 0.804205 0.017009 0.032646 0.346867
0 0.587612 0.838625 0.026901 0.137545 0.270071
2 0.555578 0.808112 0.025477 0.045145 0.267236
2 0.447700 0.806151 0.020239 0.039969 0.259233
