2 0.079982 0.486357 0.128019 0.265318 0.892549
2 0.149668 0.452595 0.077158 0.154666 0.882277
0 0.850389 0.494660 0.059028 0.299192 0.863265
2 0.025811 0.536860 0.051200 0.428851 0.861307
0 0.765535 0.493013 0.049642 0.242631 0.819378
2 0.306047 0.406721 0.033008 0.044987 0.777981
2 0.980789 0.519027 0.037700 0.104265 0.772768
0 0.533061 0.431335 0.018026 0.112307 0.750240
2 0.187985 0.402633 0.052645 0.077097 0.714448
0 0.493452 0.425257 0.017176 0.094625 0.659175
7 0.146153 0.353393 0.073165 0.066767 0.627130
0 0.508119 0.429644 0.018685 0.104129 0.590866
9 0.748544 0.236306 0.043761 0.065721 0.531637
0 0.731203 0.468050 0.014495 0.170917 0.486542
2 0.356770 0.399778 0.019705 0.030995 0.446254
0 0.519606 0.424953 0.014368 0.101759 0.416010
2 0.222279 0.400802 0.018430 0.030407 0.366142
2 0.245735 0.399527 0.026153 0.033694 0.311393
2 0.255918 0.400520 0.020297 0.031073 0.273154
2 0.270196 0.400231 0.014915 0.022646 0.271681
