2 0.824069 0.483712 0.350513 0.275679 0.914360
2 0.612480 0.437078 0.156219 0.158609 0.894449
7 0.537545 0.347451 0.132391 0.236019 0.856319
0 0.919186 0.325363 0.038113 0.066984 0.823096
2 0.059119 0.433226 0.104419 0.114009 0.789221
2 0.135538 0.415680 0.068280 0.082522 0.779331
0 0.983669 0.341718 0.032342 0.117496 0.707440
2 0.350416 0.390573 0.037666 0.044753 0.628688
2 0.009114 0.458138 0.018213 0.109198 0.627453
2 0.181875 0.413378 0.036566 0.057951 0.555516
2 0.459481 0.395219 0.026611 0.070688 0.524885
2 0.231581 0.399932 0.031140 0.045776 0.492505
2 0.205583 0.405307 0.041234 0.054085 0.469876
2 0.297038 0.389575 0.037861 0.048617 0.461296
2 0.415666 0.389484 0.025586 0.040174 0.438040
2 0.268438 0.398729 0.026750 0.036400 0.437444
2 0.253551 0.400347 0.024116 0.036971 0.395889
2 0.384841 0.378586 0.019479 0.021785 0.363595
