2 0.819960 0.761069 0.358046 0.457206 0.910224
2 0.390268 0.641019 0.095115 0.146797 0.909876
2 0.086610 0.678391 0.171849 0.530379 0.909683
9 0.521727 0.031829 0.042530 0.063200 0.804401
2 0.249844 0.597681 0.060641 0.074429 0.778668
9 0.395773 0.283187 0.019842 0.087678 0.621036
2 0.273416 0.584634 0.055613 0.075866 0.570188
2 0.308103 0.582539 0.026164 0.047661 0.531592
2 0.444862 0.592774 0.040476 0.057995 0.504367
2 0.322524 0.579546 0.018716 0.038549 0.384660
9 0.730370 0.274267 0.020327 0.116052 0.352908
2 0.327896 0.575945 0.023324 0.034166 0.335443
2 0.281227 0.584177 0.040633 0.072692 0.329646
2 0.334409 0.572182 0.022888 0.031451 0.255595
