2 0.444791 0.457895 0.064141 0.094435 0.799312
0 0.199152 0.434932 0.018883 0.076869 0.762142
0 0.053718 0.423194 0.028715 0.098469 0.760427
2 0.255176 0.417816 0.024427 0.032506 0.739615
0 0.022029 0.408449 0.018768 0.086438 0.738397
9 0.774692 0.203624 0.017167 0.057489 0.733912
2 0.346038 0.430475 0.023351 0.031542 0.720627
0 0.667203 0.483055 0.011450 0.075584 0.576502
9 0.049437 0.276763 0.014500 0.047867 0.483034
0 0.618552 0.487405 0.011661 0.057365 0.449125
2 0.370045 0.428108 0.018527 0.023677 0.426430
2 0.200149 0.425532 0.057265 0.092609 0.365380
9 0.612943 0.203014 0.011899 0.048033 0.340967
9 0.626079 0.204546 0.014135 0.048853 0.277747
7 0.200527 0.423952 0.059256 0.092841 0.272708
