2 0.228763 0.464333 0.105986 0.133087 0.897140
2 0.057749 0.435508 0.107124 0.112260 0.801684
2 0.800014 0.484028 0.098629 0.095970 0.565898
2 0.286331 0.432671 0.050910 0.084044 0.466650
2 0.380450 0.416248 0.018722 0.021468 0.460520
2 0.720787 0.457768 0.059990 0.065698 0.425211
2 0.356331 0.415071 0.017338 0.023155 0.409118
2 0.098197 0.407789 0.041691 0.085764 0.388287
2 0.133678 0.401398 0.030442 0.028630 0.332183
2 0.012077 0.433026 0.024089 0.085382 0.272663
2 0.877971 0.460004 0.056576 0.048443 0.259104
2 0.602482 0.431909 0.034693 0.033663 0.255758
2 0.905255 0.495642 0.116286 0.119828 0.254441
