2 0.488172 0.567490 0.306755 0.403700 0.938549
2 0.138196 0.518452 0.274352 0.268096 0.937129
2 0.824909 0.495978 0.349001 0.617435 0.930560
2 0.635499 0.468054 0.059714 0.066830 0.805004
9 0.297396 0.255072 0.013388 0.046045 0.533351
2 0.500194 0.867540 0.994001 0.238419 0.533083
9 0.579442 0.214323 0.015254 0.050898 0.508885
9 0.260334 0.265730 0.018315 0.077406 0.463589
9 0.568199 0.214369 0.012811 0.052179 0.406088
9 0.708627 0.382209 0.015695 0.025457 0.315690
2 0.009167 0.429854 0.018263 0.035432 0.285189
