2 0.539771 0.766186 0.380222 0.447159 0.949014
2 0.254279 0.728937 0.113681 0.178520 0.892406
2 0.070307 0.783339 0.140096 0.418674 0.872988
2 0.152643 0.767465 0.204118 0.257016 0.872763
2 0.302796 0.707832 0.057432 0.130509 0.545576
2 0.313286 0.706767 0.038111 0.127601 0.523309
2 0.326191 0.683751 0.052313 0.098025 0.429948
5 0.430297 0.571119 0.157404 0.271937 0.409249
0 0.054904 0.287236 0.063711 0.219773 0.376903
0 0.497385 0.660309 0.033469 0.058329 0.329830
2 0.331834 0.688794 0.039766 0.099900 0.298556
2 0.317985 0.691211 0.038244 0.108719 0.282950
