2 0.166603 0.627764 0.154486 0.136041 0.907872
2 0.021108 0.621267 0.042073 0.144527 0.841987
2 0.083237 0.617215 0.094950 0.133099 0.832121
0 0.830187 0.612620 0.023280 0.107483 0.773129
2 0.597507 0.603302 0.046980 0.053964 0.773028
2 0.301747 0.596457 0.045512 0.053430 0.763037
2 0.359422 0.593996 0.043822 0.052934 0.731783
2 0.242095 0.598496 0.042393 0.078949 0.654418
5 0.429714 0.568661 0.024632 0.047242 0.639649
2 0.401746 0.587160 0.027189 0.034650 0.638582
2 0.274353 0.601479 0.035596 0.057019 0.571828
2 0.554649 0.593588 0.021468 0.040247 0.530754
2 0.506461 0.582180 0.017715 0.021848 0.481006
2 0.568766 0.596196 0.019072 0.044738 0.388458
2 0.248182 0.599329 0.029697 0.076458 0.375665
2 0.332469 0.582663 0.032053 0.050223 0.355918
2 0.541067 0.591054 0.018899 0.034482 0.327909
2 0.642051 0.597395 0.022682 0.051602 0.320683
2 0.481168 0.581278 0.017132 0.016022 0.318381
2 0.458320 0.579557 0.013260 0.015352 0.300612
2 0.530955 0.587271 0.014081 0.029593 0.287132
2 0.533784 0.588741 0.017422 0.030271 0.261858
