2 0.665643 0.547504 0.447170 0.437783 0.855142
7 0.933880 0.490862 0.131209 0.253697 0.811347
2 0.422556 0.485711 0.081134 0.157421 0.703151
2 0.246685 0.467127 0.033333 0.049282 0.699819
2 0.974234 0.587378 0.050369 0.189190 0.680450
2 0.267247 0.462110 0.034388 0.049375 0.654043
2 0.304460 0.456299 0.032580 0.042046 0.643060
3 0.208578 0.463849 0.063094 0.081484 0.443862
2 0.295473 0.457766 0.025934 0.041675 0.424583
3 0.158303 0.473412 0.061753 0.075328 0.420222
2 0.022247 0.461225 0.044194 0.166207 0.371498
3 0.022250 0.462057 0.044217 0.166865 0.333962
