2 0.102262 0.411592 0.130459 0.136175 0.891630
2 0.654939 0.388712 0.171354 0.224451 0.830181
2 0.191007 0.388277 0.087128 0.104821 0.824166
2 0.245679 0.378188 0.064039 0.083872 0.823075
2 0.029939 0.432609 0.059361 0.156221 0.800386
2 0.380938 0.364487 0.047655 0.063018 0.781390
2 0.500585 0.824752 0.997441 0.311649 0.740921
0 0.852945 0.346977 0.028532 0.156751 0.728118
2 0.570405 0.366784 0.058113 0.112176 0.625638
0 0.482646 0.357671 0.013920 0.068354 0.550064
2 0.517652 0.358309 0.040054 0.060767 0.549808
2 0.277068 0.370470 0.031942 0.071796 0.512203
10 0.898021 0.438861 0.029863 0.140766 0.503336
2 0.308012 0.371317 0.033685 0.049404 0.490984
2 0.344032 0.361478 0.028074 0.039043 0.424397
2 0.317225 0.368247 0.029946 0.047875 0.394287
2 0.536220 0.365526 0.030558 0.085539 0.352549
2 0.405802 0.342687 0.031455 0.062180 0.275931
2 0.552530 0.361676 0.064390 0.101145 0.254057
