0 0.322327 0.537137 0.124918 0.470616 0.872475
2 0.617388 0.495591 0.082953 0.097557 0.864032
2 0.572861 0.479468 0.064836 0.090270 0.821300
2 0.429049 0.489434 0.043100 0.055489 0.767135
2 0.932399 0.532235 0.134375 0.389586 0.726807
2 0.220065 0.548033 0.150173 0.182106 0.724046
0 0.866041 0.469139 0.026791 0.129975 0.695775
2 0.388210 0.510463 0.066173 0.087853 0.670664
0 0.696590 0.502235 0.029624 0.145215 0.664563
0 0.802918 0.485070 0.026568 0.098902 0.663356
9 0.009990 0.410604 0.016405 0.058618 0.585916
0 0.725094 0.499352 0.025378 0.124661 0.552389
1 0.333013 0.684117 0.094973 0.304366 0.487904
2 0.534666 0.484537 0.026717 0.055720 0.477189
24 0.301469 0.414367 0.078938 0.120380 0.466123
2 0.534831 0.479349 0.033409 0.065330 0.443272
9 0.490621 0.094037 0.017675 0.071999 0.426166
2 0.472806 0.479941 0.026457 0.032074 0.326961
