2 0.079990 0.643149 0.159681 0.237826 0.919731
2 0.289151 0.587948 0.078049 0.093714 0.763801
2 0.452277 0.588221 0.060639 0.088683 0.751465
2 0.707000 0.660968 0.168290 0.228892 0.730684
2 0.628445 0.613247 0.115227 0.179317 0.655605
2 0.565740 0.614076 0.041779 0.097865 0.605280
2 0.884833 0.613299 0.228761 0.516154 0.563269
2 0.340047 0.578357 0.045031 0.076970 0.517800
2 0.537401 0.580859 0.095357 0.119732 0.380466
2 0.370243 0.581913 0.021266 0.039507 0.316554
2 0.403792 0.581397 0.028314 0.029143 0.272952
2 0.397572 0.581087 0.016771 0.029116 0.262243
