2 0.277385 0.699316 0.370508 0.438554 0.910163
0 0.969028 0.638630 0.060848 0.416813 0.866894
0 0.531361 0.561888 0.069152 0.233530 0.818375
0 0.445045 0.512397 0.036121 0.158870 0.778003
0 0.617236 0.537314 0.030763 0.221661 0.709204
7 0.766418 0.471659 0.312325 0.258350 0.703651
0 0.573669 0.512347 0.030428 0.169406 0.667334
25 0.482996 0.422369 0.040318 0.027945 0.646938
5 0.936709 0.392053 0.125248 0.100808 0.644547
0 0.009836 0.487701 0.019672 0.078597 0.628524
0 0.933724 0.548877 0.042330 0.204791 0.619340
0 0.761090 0.538000 0.053012 0.183660 0.583870
9 0.085616 0.096076 0.020128 0.076622 0.541621
0 0.121737 0.481387 0.015511 0.080580 0.532427
9 0.058047 0.090527 0.017712 0.078696 0.502917
9 0.528203 0.283893 0.010315 0.042176 0.467568
2 0.488863 0.900407 0.945493 0.180072 0.419068
0 0.153162 0.481148 0.018233 0.079630 0.390258
0 0.140279 0.484659 0.014603 0.071568 0.383441
5 0.936658 0.415355 0.124922 0.147698 0.364963
9 0.063575 0.092302 0.028176 0.081930 0.285516
0 0.510711 0.530464 0.027741 0.176321 0.274230
9 0.060298 0.268444 0.013859 0.043842 0.252286
