2 0.682418 0.499222 0.077457 0.099860 0.870599
2 0.059615 0.569378 0.118555 0.195315 0.867045
2 0.220379 0.529960 0.070757 0.092439 0.772804
2 0.745667 0.473704 0.055363 0.074844 0.729323
2 0.626505 0.475395 0.047966 0.065045 0.728770
2 0.133075 0.544518 0.046088 0.065817 0.721047
2 0.173450 0.532600 0.041403 0.059638 0.700364
0 0.836953 0.487379 0.025627 0.086447 0.674962
9 0.016437 0.226257 0.029462 0.087562 0.605179
9 0.041739 0.227924 0.022070 0.088554 0.577725
0 0.954626 0.487040 0.036720 0.132812 0.529447
2 0.332638 0.512141 0.029582 0.045766 0.508273
9 0.599875 0.185762 0.037692 0.081889 0.503329
2 0.785451 0.464616 0.023028 0.048077 0.450964
9 0.064284 0.236325 0.029207 0.075130 0.414705
2 0.818666 0.458977 0.018423 0.024031 0.405083
2 0.386956 0.504674 0.026671 0.029554 0.385532
2 0.282703 0.519927 0.028766 0.034029 0.385525
7 0.220484 0.531307 0.071025 0.092570 0.332772
9 0.743583 0.163812 0.017359 0.057068 0.326781
0 0.540211 0.496040 0.012408 0.041596 0.317507
2 0.883417 0.443100 0.020793 0.029167 0.315672
2 0.853029 0.457096 0.017836 0.025305 0.283207
2 0.274929 0.521581 0.024274 0.032799 0.264593
2 0.781233 0.463983 0.032035 0.049623 0.257232
