2 0.444254 0.556326 0.048324 0.068547 0.836921
2 0.782234 0.668874 0.268965 0.267891 0.834889
2 0.293125 0.559591 0.065910 0.081839 0.820517
7 0.051547 0.574100 0.102550 0.233769 0.793765
2 0.125788 0.572624 0.053047 0.130967 0.785115
2 0.520383 0.575957 0.041609 0.085046 0.720006
2 0.245947 0.554413 0.030422 0.066463 0.700906
2 0.391473 0.541525 0.022181 0.028415 0.610271
2 0.595099 0.595981 0.077095 0.127783 0.526905
2 0.219537 0.554868 0.034399 0.085956 0.376913
2 0.487348 0.558946 0.031411 0.053954 0.352183
2 0.493170 0.559330 0.028068 0.053929 0.321671
