0 0.018862 0.646215 0.028699 0.122561 0.775022
2 0.966599 0.819200 0.066216 0.283085 0.758253
0 0.143278 0.636453 0.027458 0.120636 0.757081
0 0.939332 0.588271 0.040917 0.174886 0.754294
0 0.850768 0.558497 0.021643 0.101375 0.738487
0 0.354226 0.595057 0.023054 0.083986 0.608525
0 0.898702 0.562437 0.017145 0.082103 0.584692
0 0.110521 0.638764 0.022412 0.107440 0.499960
0 0.214665 0.618118 0.019440 0.098456 0.495570
9 0.440398 0.373166 0.009442 0.051265 0.474684
9 0.244615 0.403664 0.014113 0.062582 0.457218
0 0.792379 0.553145 0.026760 0.089828 0.331288
0 0.758159 0.558607 0.014544 0.066237 0.291110
0 0.159853 0.605464 0.017549 0.066630 0.289450
0 0.916895 0.553566 0.012939 0.077438 0.278763
