2 0.911425 0.767395 0.174316 0.170936 0.905500
2 0.543905 0.762920 0.103206 0.145299 0.885371
2 0.697894 0.734254 0.103317 0.161828 0.803467
2 0.772720 0.725091 0.049080 0.062603 0.803123
2 0.639595 0.696325 0.056142 0.102536 0.604760
2 0.287495 0.706470 0.045751 0.035242 0.601239
0 0.806574 0.737162 0.015143 0.074189 0.579948
2 0.580380 0.729360 0.052373 0.089184 0.575836
9 0.787717 0.524957 0.022075 0.053321 0.509223
5 0.074562 0.679214 0.116173 0.083917 0.389821
2 0.600669 0.703646 0.025820 0.046734 0.313255
2 0.330774 0.700458 0.026706 0.028325 0.309609
9 0.489716 0.549047 0.013869 0.041121 0.280080
7 0.638678 0.697247 0.054759 0.102947 0.279332
