2 0.756075 0.670670 0.296218 0.304663 0.917522
5 0.059803 0.471717 0.119248 0.132992 0.886620
2 0.416391 0.662226 0.238420 0.394326 0.818206
2 0.518100 0.511063 0.020915 0.033162 0.761051
0 0.148164 0.553690 0.041358 0.200369 0.754285
2 0.492565 0.508171 0.026992 0.034251 0.726187
2 0.206816 0.519192 0.072832 0.069144 0.694477
7 0.590220 0.505423 0.072688 0.104134 0.691189
2 0.546500 0.512357 0.019638 0.029530 0.587175
0 0.985566 0.583846 0.028434 0.098937 0.565530
9 0.461035 0.249247 0.013034 0.048781 0.560017
2 0.453855 0.508130 0.015768 0.027155 0.462425
2 0.115561 0.513980 0.044806 0.061882 0.447775
9 0.615907 0.348054 0.009898 0.038071 0.430096
9 0.476628 0.246946 0.012381 0.050339 0.321960
9 0.882541 0.477053 0.017640 0.027993 0.296573
