2 0.872100 0.538238 0.254873 0.489989 0.926818
2 0.057657 0.461005 0.114426 0.206915 0.895367
2 0.163170 0.442268 0.109982 0.125480 0.891185
2 0.726186 0.471706 0.220383 0.240941 0.887599
2 0.245889 0.417424 0.080803 0.096161 0.818097
2 0.460517 0.404240 0.054857 0.076696 0.812734
2 0.648310 0.409580 0.143820 0.211025 0.799818
2 0.297664 0.413776 0.035052 0.062925 0.741746
2 0.573202 0.406969 0.037859 0.122899 0.666416
2 0.551961 0.403465 0.028862 0.090347 0.612530
2 0.327551 0.406422 0.034178 0.060649 0.587798
2 0.534870 0.395733 0.022313 0.065373 0.513039
2 0.366557 0.396162 0.025733 0.050770 0.478568
2 0.523532 0.393181 0.031778 0.055950 0.421729
2 0.501266 0.839562 0.995559 0.283076 0.421717
2 0.358771 0.401208 0.026527 0.047906 0.388175
2 0.545865 0.400068 0.028307 0.081503 0.343072
2 0.516307 0.392213 0.020888 0.051220 0.333169
2 0.348819 0.403995 0.025952 0.051681 0.317776
2 0.380772 0.393598 0.020134 0.048504 0.312184
2 0.353041 0.402425 0.025768 0.046332 0.283082
2 0.579835 0.416819 0.027057 0.146337 0.257128
