2 0.100004 0.750795 0.198945 0.439633 0.926599
0 0.863696 0.578223 0.075098 0.332933 0.913741
2 0.557972 0.630802 0.177996 0.274756 0.906099
0 0.967380 0.570668 0.061973 0.329948 0.873047
2 0.125872 0.633433 0.168471 0.158328 0.868704
2 0.422464 0.595608 0.083381 0.109698 0.857587
2 0.304186 0.637191 0.193435 0.206721 0.854109
2 0.460278 0.584553 0.033711 0.083646 0.553564
9 0.548530 0.382460 0.012951 0.047414 0.479508
9 0.596179 0.462277 0.016715 0.060230 0.426520
26 0.988276 0.535428 0.022746 0.121811 0.381613
