2 0.344336 0.443676 0.086224 0.069535 0.816389
2 0.526403 0.421334 0.028422 0.041238 0.659602
7 0.162701 0.384067 0.319936 0.177149 0.630026
2 0.483028 0.416847 0.021800 0.036250 0.616846
2 0.056073 0.459266 0.069479 0.063380 0.598183
2 0.505335 0.884925 0.982509 0.206345 0.591183
0 0.684143 0.403121 0.018912 0.082117 0.556494
2 0.409794 0.426298 0.044915 0.063015 0.544702
0 0.250311 0.449926 0.023303 0.084391 0.511521
9 0.495678 0.352204 0.009344 0.029528 0.359162
9 0.671204 0.331087 0.017271 0.028663 0.263687
0 0.231432 0.446679 0.012521 0.070961 0.251486
