5 0.746374 0.394054 0.503334 0.779238 0.919965
0 0.022616 0.534674 0.044979 0.262542 0.796212
2 0.432368 0.525926 0.033839 0.048624 0.737418
9 0.292338 0.244690 0.013635 0.053890 0.593207
1 0.018645 0.647780 0.036840 0.153936 0.591415
7 0.360914 0.510660 0.068337 0.129466 0.567156
0 0.149074 0.526605 0.014436 0.090531 0.514027
0 0.082443 0.525228 0.015986 0.080464 0.505707
0 0.184148 0.528021 0.014366 0.073274 0.502864
0 0.114978 0.524692 0.018004 0.073056 0.440876
2 0.401718 0.519105 0.016030 0.038141 0.432112
0 0.070564 0.523965 0.016643 0.082549 0.423683
2 0.318568 0.524025 0.021163 0.027806 0.338972
0 0.210396 0.517241 0.013634 0.075758 0.303451
9 0.133591 0.388624 0.009427 0.041803 0.296867
5 0.482381 0.509350 0.034420 0.069105 0.266145
