2 0.562155 0.483610 0.075460 0.092520 0.855245
2 0.735009 0.508210 0.141586 0.153295 0.849448
2 0.930567 0.739597 0.137639 0.286460 0.834096
7 0.461749 0.454579 0.075015 0.134687 0.790545
0 0.900493 0.506513 0.016875 0.108768 0.470244
7 0.254227 0.472582 0.175083 0.223615 0.470150
2 0.254252 0.472907 0.174477 0.221348 0.450158
9 0.067376 0.411020 0.019971 0.071522 0.414589
5 0.954660 0.432345 0.089515 0.306209 0.389095
2 0.404363 0.489457 0.031604 0.040297 0.356604
9 0.052759 0.403310 0.013039 0.065983 0.353924
2 0.418988 0.467037 0.018048 0.034957 0.348106
2 0.406899 0.484229 0.035766 0.046417 0.303561
