2 0.374284 0.447509 0.143329 0.202088 0.916254
2 0.681384 0.429608 0.210417 0.343358 0.866586
2 0.515167 0.414588 0.067480 0.099684 0.865018
2 0.909512 0.463876 0.180290 0.336376 0.840005
0 0.246090 0.394570 0.016025 0.086449 0.730499
2 0.450108 0.398313 0.037850 0.063813 0.724077
0 0.218888 0.407492 0.018967 0.073544 0.689215
2 0.390760 0.847378 0.168149 0.171374 0.470537
10 0.107379 0.446010 0.016122 0.048019 0.297458
0 0.268555 0.403472 0.016332 0.057938 0.285805
0 0.267023 0.417522 0.018719 0.084980 0.268744
