2 0.470544 0.567884 0.146480 0.229178 0.914125
2 0.892890 0.651374 0.213005 0.445669 0.857949
2 0.199983 0.523326 0.081108 0.098615 0.853903
2 0.594979 0.524373 0.088320 0.117293 0.852074
0 0.814718 0.513887 0.030949 0.137137 0.758765
5 0.307234 0.469131 0.138131 0.227243 0.755225
1 0.768914 0.568361 0.048255 0.103540 0.720972
2 0.387880 0.485480 0.028872 0.042449 0.673411
2 0.548139 0.509189 0.040731 0.078898 0.626424
0 0.785488 0.522251 0.022307 0.141020 0.507422
0 0.050837 0.540102 0.022772 0.109846 0.498597
0 0.792072 0.520637 0.033916 0.139427 0.373515
0 0.050336 0.523432 0.022105 0.077645 0.332361
0 0.852920 0.493778 0.030030 0.100059 0.313066
