2 0.846940 0.580444 0.165713 0.140118 0.915362
2 0.505278 0.599862 0.107840 0.185006 0.807455
0 0.711157 0.559763 0.018004 0.085745 0.627155
7 0.415185 0.532915 0.067971 0.149014 0.535262
9 0.648389 0.373095 0.016295 0.065927 0.523339
9 0.617773 0.107900 0.024700 0.094828 0.517638
9 0.596233 0.111089 0.023502 0.088901 0.485520
9 0.235474 0.119064 0.024930 0.087877 0.446444
9 0.211993 0.117400 0.028399 0.083096 0.374656
9 0.218937 0.116734 0.021779 0.086109 0.275583
0 0.658774 0.536974 0.012972 0.054081 0.273176
5 0.414740 0.529552 0.067846 0.140828 0.264251
