2 0.492439 0.562978 0.068614 0.095943 0.850273
7 0.890788 0.484229 0.218424 0.178699 0.510834
2 0.499425 0.845364 0.994704 0.285260 0.509656
2 0.555016 0.536488 0.027069 0.043604 0.506139
7 0.907272 0.592532 0.184279 0.344995 0.492494
2 0.907916 0.596025 0.182659 0.336038 0.457719
9 0.677299 0.273442 0.017568 0.058094 0.454621
0 0.741260 0.538208 0.023038 0.095874 0.412598
9 0.683507 0.274672 0.025963 0.059065 0.407136
9 0.693167 0.276073 0.012146 0.055056 0.406078
2 0.532665 0.534489 0.021115 0.029113 0.381246
2 0.393368 0.531436 0.021847 0.023148 0.355836
0 0.735968 0.541410 0.017297 0.101115 0.321041
9 0.322769 0.393437 0.018696 0.048749 0.309176
9 0.329518 0.392289 0.011510 0.046463 0.277106
