7 0.834546 0.493972 0.281615 0.376656 0.878105
2 0.905513 0.595549 0.188120 0.276874 0.775036
2 0.598584 0.570581 0.051255 0.077862 0.741745
2 0.641040 0.569916 0.029566 0.064016 0.741354
2 0.663465 0.574398 0.034327 0.081790 0.572106
9 0.557805 0.440238 0.006096 0.024453 0.511237
2 0.101506 0.628306 0.202275 0.262948 0.508836
2 0.687658 0.576005 0.038056 0.087480 0.500367
2 0.670597 0.573269 0.047836 0.087441 0.436337
2 0.119138 0.604410 0.056000 0.050854 0.360036
2 0.697262 0.583743 0.025942 0.102976 0.333178
2 0.218488 0.614064 0.040966 0.047755 0.288691
