2 0.307222 0.503922 0.101062 0.129388 0.907974
2 0.582436 0.499783 0.085329 0.111444 0.791964
0 0.699068 0.494500 0.022401 0.105749 0.713122
2 0.358412 0.492292 0.036071 0.089364 0.679724
2 0.517911 0.479517 0.023799 0.049147 0.612577
2 0.539202 0.487750 0.035294 0.088615 0.596214
2 0.492159 0.468641 0.028477 0.046599 0.581016
2 0.451070 0.469146 0.021922 0.028048 0.571769
2 0.394563 0.482061 0.030553 0.060229 0.557109
2 0.379803 0.486535 0.026051 0.065250 0.495028
2 0.417467 0.471270 0.016942 0.037650 0.388001
2 0.431931 0.465158 0.016559 0.028168 0.326524
2 0.468938 0.464532 0.017386 0.020189 0.267043
2 0.387736 0.483968 0.023662 0.064306 0.264314
9 0.695384 0.380388 0.013733 0.055278 0.254390
