2 0.821120 0.746889 0.355219 0.472384 0.931955
2 0.088480 0.538296 0.175326 0.139518 0.902036
2 0.217521 0.537594 0.086553 0.104312 0.836235
0 0.765664 0.593468 0.018937 0.085703 0.720232
2 0.314889 0.554102 0.074147 0.094772 0.684651
0 0.715297 0.604426 0.021112 0.095681 0.659608
2 0.455541 0.564563 0.030054 0.034964 0.654368
0 0.741798 0.597524 0.022636 0.088574 0.621741
9 0.782142 0.201618 0.029102 0.083456 0.577973
2 0.268507 0.539787 0.020333 0.053987 0.516015
2 0.426650 0.539616 0.021279 0.038665 0.506403
0 0.696023 0.612642 0.017903 0.082841 0.466293
9 0.751087 0.202253 0.019581 0.080924 0.451565
9 0.956123 0.304302 0.026333 0.089304 0.415672
2 0.371212 0.545513 0.022368 0.048694 0.374788
0 0.043706 0.480461 0.019018 0.038594 0.337764
0 0.023217 0.480845 0.021830 0.052019 0.308418
0 0.654888 0.595543 0.016721 0.091324 0.276497
0 0.823284 0.585045 0.023436 0.068564 0.261266
