2 0.843372 0.769805 0.312173 0.444134 0.936924
2 0.200849 0.631727 0.284175 0.304330 0.929228
2 0.336714 0.589230 0.076803 0.128353 0.843143
2 0.709185 0.627563 0.125672 0.165005 0.831194
2 0.375609 0.577688 0.047463 0.105749 0.792305
2 0.441967 0.582087 0.067765 0.102525 0.781580
2 0.625777 0.611067 0.060438 0.084262 0.680608
2 0.399489 0.573429 0.036263 0.098071 0.562878
2 0.592091 0.600538 0.047281 0.069974 0.538733
2 0.547944 0.578457 0.028128 0.055257 0.514468
2 0.559510 0.586619 0.024684 0.054807 0.512312
2 0.568174 0.591593 0.031171 0.057309 0.500303
2 0.533070 0.575080 0.026121 0.050964 0.414963
2 0.542365 0.576281 0.038650 0.055440 0.378309
2 0.504132 0.558219 0.019581 0.022785 0.373806
2 0.575263 0.596064 0.022968 0.064051 0.269201
