2 0.082913 0.467518 0.125893 0.186457 0.903911
2 0.022919 0.484392 0.045663 0.261257 0.859313
2 0.738142 0.499313 0.424582 0.438699 0.845823
2 0.526055 0.443112 0.116242 0.195864 0.813693
2 0.428353 0.423007 0.096755 0.121387 0.801623
2 0.156023 0.434914 0.105523 0.148152 0.788437
2 0.216263 0.438427 0.040753 0.104454 0.764030
2 0.296422 0.447451 0.033944 0.050867 0.510089
2 0.255509 0.444687 0.058104 0.078118 0.458156
2 0.265250 0.445062 0.041272 0.068335 0.330876
2 0.243479 0.440593 0.036276 0.080595 0.319765
