2 0.859274 0.625741 0.280494 0.388715 0.918511
2 0.553244 0.530295 0.107098 0.143506 0.909128
2 0.053690 0.488063 0.107380 0.098726 0.893553
2 0.143935 0.491731 0.130143 0.098624 0.825099
2 0.468886 0.508413 0.070180 0.091391 0.813693
0 0.284954 0.508358 0.038521 0.150338 0.807653
2 0.739423 0.503639 0.088383 0.137367 0.796509
2 0.661378 0.494843 0.031856 0.067389 0.733316
2 0.695614 0.499530 0.054695 0.122518 0.526199
9 0.802608 0.015987 0.027949 0.029286 0.487107
2 0.607533 0.478622 0.023162 0.037657 0.421368
2 0.225735 0.475497 0.034114 0.042235 0.376059
2 0.506473 0.878317 0.982602 0.213826 0.321909
9 0.849310 0.366127 0.016363 0.054245 0.265341
