2 0.079406 0.600258 0.157783 0.398783 0.870965
2 0.400062 0.461152 0.081369 0.112307 0.855899
2 0.550561 0.448631 0.040863 0.052290 0.737274
2 0.630928 0.459890 0.038748 0.100424 0.647184
2 0.868118 0.523502 0.262955 0.350083 0.645770
2 0.607948 0.454364 0.040080 0.071383 0.617739
2 0.444680 0.459372 0.028047 0.070899 0.609226
2 0.501664 0.879734 0.990122 0.214064 0.538004
2 0.663590 0.446863 0.056721 0.168800 0.518975
2 0.714816 0.449794 0.145209 0.197411 0.489548
2 0.456713 0.456175 0.029246 0.062595 0.438143
2 0.439412 0.460744 0.027130 0.073122 0.407739
2 0.587740 0.448024 0.020710 0.061307 0.407518
2 0.601929 0.450709 0.046021 0.066389 0.344544
2 0.478057 0.440402 0.029177 0.054630 0.330391
2 0.512555 0.435463 0.022141 0.025007 0.328558
2 0.461285 0.454938 0.024216 0.057275 0.311692
2 0.473830 0.438066 0.039987 0.059705 0.284761
7 0.711305 0.448611 0.152504 0.195296 0.272669
