2 0.395616 0.659779 0.131434 0.215922 0.795084
7 0.051374 0.597968 0.102238 0.240638 0.729924
0 0.521385 0.637477 0.029396 0.135800 0.698889
2 0.462924 0.627608 0.022999 0.037319 0.528038
0 0.579448 0.620135 0.015831 0.081839 0.512853
0 0.113916 0.643855 0.019097 0.093077 0.466680
1 0.523039 0.671108 0.017777 0.079627 0.410137
0 0.622042 0.617940 0.014303 0.064759 0.407533
5 0.953312 0.636300 0.092477 0.316700 0.394398
2 0.135293 0.622997 0.028619 0.042805 0.331739
0 0.592973 0.622400 0.014180 0.085571 0.331694
0 0.890955 0.668422 0.029821 0.231961 0.317893
0 0.640864 0.613711 0.015512 0.080273 0.296081
2 0.495987 0.912359 0.987518 0.140320 0.275588
0 0.626128 0.616746 0.014206 0.070542 0.265129
