0 0.902664 0.460649 0.194255 0.589888 0.847226
0 0.341883 0.353740 0.036451 0.157453 0.808461
0 0.098402 0.340255 0.030318 0.094436 0.754439
0 0.075433 0.341148 0.027984 0.101548 0.691875
0 0.184001 0.332339 0.020209 0.072925 0.667561
0 0.251623 0.334416 0.019077 0.089887 0.657242
9 0.021064 0.115679 0.019603 0.055561 0.571228
0 0.028990 0.329339 0.017381 0.082549 0.563331
24 0.964780 0.486080 0.069979 0.311975 0.545381
0 0.142856 0.329222 0.019441 0.073954 0.469251
9 0.105171 0.022011 0.019471 0.042008 0.445995
9 0.321822 0.105873 0.011497 0.046566 0.399775
24 0.946238 0.480220 0.107035 0.316310 0.395345
9 0.093629 0.023111 0.025894 0.042050 0.288367
