2 0.725196 0.315137 0.168158 0.194542 0.847955
2 0.284075 0.314123 0.139280 0.251345 0.810006
2 0.555819 0.284833 0.042833 0.049457 0.808263
2 0.353076 0.302844 0.076519 0.179004 0.787779
2 0.886689 0.368700 0.225558 0.430859 0.776856
2 0.148411 0.351677 0.295770 0.468477 0.755772
2 0.635079 0.305166 0.067728 0.104702 0.705019
2 0.400095 0.290141 0.038272 0.090456 0.659244
2 0.393824 0.294639 0.033822 0.098098 0.658790
2 0.406158 0.287940 0.041878 0.083585 0.658015
2 0.428625 0.276911 0.032545 0.061707 0.618293
2 0.420641 0.282098 0.021186 0.070819 0.598136
2 0.384102 0.302746 0.027338 0.110931 0.579709
2 0.439126 0.274094 0.021065 0.055626 0.450846
2 0.529726 0.277711 0.018186 0.037905 0.404845
2 0.458331 0.270856 0.023384 0.037245 0.375474
2 0.389993 0.300361 0.030408 0.112926 0.369612
2 0.465342 0.268557 0.017860 0.024394 0.339064
2 0.523161 0.274077 0.015522 0.032165 0.290229
