5 0.752176 0.569937 0.149420 0.205024 0.908518
2 0.576956 0.572186 0.050899 0.081658 0.771198
2 0.533228 0.555111 0.036011 0.056470 0.679694
2 0.353077 0.525704 0.065635 0.059566 0.651399
2 0.065429 0.448382 0.041583 0.043806 0.642662
2 0.285018 0.509393 0.052158 0.046663 0.578696
2 0.452560 0.537354 0.025051 0.031372 0.470095
2 0.206536 0.496893 0.060047 0.059709 0.438815
2 0.275779 0.510268 0.034699 0.044018 0.432110
2 0.402899 0.873718 0.802897 0.229035 0.371253
2 0.612748 0.567392 0.016289 0.015615 0.370206
2 0.298055 0.510452 0.028273 0.044565 0.345009
2 0.613824 0.569119 0.017303 0.022264 0.344514
2 0.221848 0.498532 0.029578 0.055955 0.307470
2 0.194520 0.501911 0.036812 0.042512 0.278730
2 0.464517 0.540474 0.022800 0.027827 0.258212
2 0.501858 0.548205 0.018978 0.027200 0.250368
