2 0.699629 0.574858 0.117689 0.144332 0.716044
7 0.438804 0.543687 0.077028 0.128401 0.654877
2 0.639175 0.550599 0.088974 0.121533 0.636749
7 0.862641 0.593326 0.274461 0.310058 0.587712
2 0.374351 0.546895 0.034253 0.061026 0.468526
2 0.570689 0.535173 0.064449 0.088191 0.436135
9 0.512667 0.269221 0.022255 0.062903 0.417826
2 0.532150 0.533255 0.020300 0.052897 0.335291
2 0.500259 0.528020 0.034289 0.049261 0.324911
2 0.513806 0.531762 0.021507 0.049013 0.309687
2 0.437436 0.543248 0.074899 0.129069 0.252095
