2 0.533685 0.650858 0.271815 0.369164 0.930030
2 0.368709 0.511039 0.125944 0.149401 0.892041
2 0.937194 0.705671 0.124266 0.300594 0.884475
2 0.714590 0.536730 0.179455 0.194857 0.844115
2 0.311289 0.478297 0.074401 0.100690 0.830477
2 0.137428 0.472521 0.078972 0.081054 0.794756
5 0.691741 0.415387 0.131656 0.153865 0.714646
0 0.066614 0.451536 0.019785 0.077649 0.680447
7 0.248584 0.421553 0.131636 0.181011 0.575138
5 0.621222 0.425158 0.039117 0.126197 0.545464
2 0.437711 0.474020 0.051369 0.092210 0.487322
0 0.097395 0.445330 0.015331 0.074734 0.482047
2 0.216908 0.478018 0.085384 0.097409 0.480420
2 0.573858 0.446564 0.045384 0.053783 0.473386
0 0.824535 0.469930 0.016290 0.075953 0.445547
0 0.868987 0.468447 0.017731 0.085676 0.434750
0 0.851464 0.465223 0.016457 0.083563 0.391724
0 0.848182 0.466835 0.017163 0.083454 0.341012
2 0.515045 0.446746 0.040556 0.042017 0.314253
2 0.441145 0.416275 0.040636 0.026687 0.313876
2 0.523651 0.448888 0.062555 0.041521 0.266695
