7 0.159522 0.581987 0.319043 0.299699 0.891273
0 0.203471 0.652041 0.084781 0.367290 0.832024
2 0.881201 0.576378 0.047222 0.063315 0.769564
0 0.593203 0.650861 0.049705 0.215608 0.709617
0 0.697363 0.587505 0.019655 0.100645 0.668934
0 0.628187 0.579004 0.017308 0.093841 0.615053
2 0.790671 0.614506 0.071795 0.101472 0.613092
0 0.584231 0.652746 0.033605 0.219260 0.514505
2 0.984607 0.593290 0.029598 0.069485 0.433443
2 0.847816 0.556780 0.018169 0.035228 0.397124
2 0.959413 0.584366 0.028385 0.056676 0.385065
2 0.854340 0.559952 0.025565 0.045851 0.374886
0 0.666763 0.574428 0.015356 0.066858 0.345142
2 0.803656 0.567421 0.041059 0.055434 0.345105
2 0.988763 0.599447 0.021471 0.061203 0.302000
2 0.796425 0.569721 0.036614 0.043500 0.268432
0 0.678636 0.570878 0.012719 0.071204 0.262338
2 0.797402 0.562013 0.036059 0.046243 0.256258
