2 0.239241 0.393417 0.231151 0.231687 0.912778
2 0.875292 0.498963 0.248015 0.425058 0.907216
2 0.587951 0.363399 0.039588 0.080393 0.492357
2 0.567481 0.363239 0.024258 0.064032 0.440365
2 0.419177 0.346901 0.050247 0.084054 0.419236
2 0.550197 0.342635 0.026654 0.061920 0.387412
2 0.393584 0.363204 0.056960 0.056853 0.371916
2 0.392110 0.351281 0.060003 0.080125 0.346241
2 0.443177 0.338011 0.027920 0.064192 0.316074
7 0.702239 0.375293 0.196658 0.222161 0.310815
2 0.438728 0.343555 0.021949 0.078245 0.293848
0 0.365467 0.341687 0.023916 0.095762 0.282835
2 0.457916 0.343237 0.018246 0.047829 0.259316
