2 0.502706 0.579287 0.080825 0.092879 0.825074
0 0.655687 0.581184 0.042060 0.204603 0.743747
0 0.777947 0.568380 0.036889 0.243739 0.733104
0 0.733229 0.580012 0.031647 0.192971 0.668283
0 0.834197 0.570355 0.048756 0.204113 0.618335
7 0.385254 0.527688 0.116299 0.160421 0.612086
0 0.706623 0.575722 0.034645 0.215891 0.597323
0 0.206292 0.583215 0.019734 0.079046 0.532628
2 0.456523 0.572300 0.035580 0.057375 0.503695
2 0.083000 0.910804 0.164904 0.169205 0.496071
0 0.882207 0.563743 0.026351 0.121873 0.488153
9 0.760863 0.384235 0.019248 0.055043 0.449988
0 0.943224 0.551202 0.058092 0.190071 0.390649
0 0.060895 0.582940 0.022530 0.110861 0.307829
