2 0.145635 0.575380 0.116299 0.142485 0.872893
2 0.966894 0.751786 0.066211 0.099898 0.846110
2 0.058705 0.553060 0.116704 0.230404 0.808724
2 0.441270 0.602097 0.030281 0.047220 0.714196
1 0.305790 0.633922 0.021026 0.063224 0.523845
0 0.700674 0.689200 0.015495 0.074876 0.523344
0 0.602969 0.646748 0.016813 0.060107 0.500840
2 0.348718 0.589176 0.031008 0.035637 0.493370
9 0.687758 0.528975 0.018027 0.074490 0.463337
0 0.245569 0.578076 0.010687 0.035977 0.427111
2 0.404152 0.584873 0.019202 0.023163 0.395606
0 0.582448 0.646003 0.013459 0.049486 0.392420
0 0.697755 0.689608 0.020675 0.077623 0.366405
2 0.505748 0.604357 0.021979 0.049666 0.357342
9 0.212979 0.429703 0.017861 0.057701 0.351091
2 0.373116 0.586351 0.026140 0.031627 0.349609
2 0.468690 0.597356 0.018063 0.028189 0.325399
0 0.671093 0.680005 0.014644 0.091964 0.293988
2 0.021316 0.589172 0.042427 0.165506 0.278907
0 0.670046 0.654664 0.011015 0.047715 0.250196
