2 0.750554 0.536273 0.144941 0.157725 0.881210
2 0.629654 0.478853 0.047388 0.068134 0.743976
0 0.879916 0.482107 0.024519 0.122203 0.698684
7 0.425804 0.457896 0.112783 0.101635 0.679357
0 0.967584 0.507392 0.048840 0.181043 0.653743
0 0.020308 0.507082 0.014803 0.070770 0.644343
0 0.047858 0.516415 0.024028 0.098786 0.621498
0 0.351440 0.485329 0.013413 0.072430 0.591345
0 0.831710 0.484612 0.019682 0.094789 0.571434
0 0.849758 0.481470 0.024028 0.112406 0.558838
0 0.407414 0.486430 0.014099 0.063159 0.410356
0 0.464350 0.477640 0.013930 0.056560 0.392663
1 0.050716 0.543660 0.025020 0.044937 0.382457
0 0.814961 0.470695 0.017480 0.078397 0.378441
9 0.655199 0.350997 0.012637 0.029890 0.352499
5 0.720741 0.446873 0.100772 0.167202 0.344827
9 0.459175 0.358983 0.012289 0.037218 0.306352
0 0.900871 0.484429 0.024330 0.102471 0.282419
0 0.098886 0.505950 0.018961 0.061421 0.263938
0 0.937208 0.464184 0.019265 0.065916 0.262937
