2 0.930273 0.694504 0.138222 0.349844 0.882679
2 0.830050 0.688998 0.172723 0.201112 0.809217
0 0.712050 0.651534 0.060513 0.213759 0.703748
1 0.723635 0.738624 0.046041 0.163884 0.636177
0 0.481022 0.624299 0.018496 0.099922 0.557982
2 0.308406 0.646485 0.030092 0.034214 0.462078
2 0.265001 0.640343 0.045205 0.046480 0.411291
9 0.569517 0.416989 0.021998 0.050054 0.388801
9 0.566251 0.416182 0.019492 0.055208 0.358974
9 0.362787 0.427908 0.016971 0.058239 0.308154
2 0.307877 0.649139 0.039619 0.040803 0.258543
2 0.255395 0.641449 0.050199 0.042496 0.254739
