2 0.161152 0.489990 0.129247 0.096755 0.884751
2 0.066858 0.490008 0.122233 0.111571 0.870291
2 0.303804 0.470900 0.053088 0.059105 0.646441
2 0.370863 0.455917 0.036422 0.043817 0.632835
2 0.231808 0.478235 0.053059 0.075660 0.619991
2 0.334143 0.455558 0.026653 0.037435 0.478137
2 0.013345 0.471137 0.025608 0.042466 0.474089
2 0.395085 0.455094 0.020066 0.038530 0.399847
2 0.475112 0.445787 0.021820 0.019908 0.373759
2 0.427591 0.445348 0.021969 0.020226 0.333840
2 0.453925 0.448406 0.022703 0.019845 0.253241
