2 0.529781 0.473092 0.210503 0.298368 0.925184
2 0.408129 0.376415 0.060668 0.075947 0.840812
0 0.323958 0.375505 0.021976 0.109587 0.724637
7 0.595425 0.331664 0.070428 0.128505 0.688063
0 0.303244 0.385763 0.021886 0.088935 0.610528
0 0.245640 0.400163 0.016269 0.134167 0.536270
25 0.214466 0.390262 0.034817 0.030637 0.512207
0 0.244629 0.399604 0.023575 0.137104 0.411166
0 0.286318 0.427996 0.015116 0.059270 0.358230
2 0.200428 0.496736 0.069756 0.045563 0.322083
0 0.229118 0.389963 0.017014 0.108167 0.267876
