2 0.926385 0.598087 0.146494 0.310558 0.902002
2 0.451241 0.499782 0.086252 0.122650 0.883460
2 0.683395 0.486958 0.071464 0.088482 0.876916
2 0.183705 0.692763 0.366545 0.563773 0.860338
2 0.774665 0.499441 0.151936 0.168674 0.859960
2 0.638394 0.468685 0.047545 0.059161 0.786174
2 0.561605 0.467696 0.060903 0.089903 0.738669
2 0.376860 0.455481 0.041626 0.035462 0.714202
2 0.526959 0.451260 0.024833 0.042694 0.559897
2 0.316351 0.460338 0.033279 0.044804 0.456210
2 0.496974 0.449440 0.026977 0.035361 0.402739
2 0.321312 0.460009 0.023977 0.042301 0.300059
