7 0.506259 0.433813 0.059373 0.103540 0.865673
2 0.301506 0.482983 0.095478 0.103576 0.855384
2 0.893400 0.441497 0.213123 0.207985 0.721846
7 0.057071 0.522867 0.112832 0.310853 0.633499
2 0.630702 0.437524 0.042350 0.056032 0.607176
2 0.406807 0.447943 0.036748 0.054272 0.605635
0 0.666930 0.428217 0.025807 0.113367 0.559189
2 0.683070 0.441533 0.088078 0.084175 0.547454
2 0.586741 0.426495 0.026377 0.044032 0.523288
9 0.567203 0.207442 0.016815 0.048155 0.503703
2 0.566306 0.425676 0.018381 0.035706 0.419475
2 0.432178 0.447546 0.022767 0.029697 0.388408
9 0.038825 0.145565 0.019439 0.077452 0.372700
2 0.355549 0.452391 0.022306 0.035526 0.358421
9 0.052987 0.148891 0.017341 0.075584 0.344168
2 0.607797 0.430269 0.032891 0.055083 0.336715
2 0.624891 0.433495 0.054157 0.058593 0.315644
2 0.350087 0.450472 0.017476 0.036702 0.308009
2 0.379520 0.452206 0.023059 0.038740 0.285793
2 0.467920 0.438541 0.015019 0.022067 0.284056
9 0.042880 0.145724 0.026525 0.080302 0.265735
