5 0.584815 0.425790 0.081330 0.161426 0.770119
0 0.777373 0.454856 0.027542 0.119065 0.690707
9 0.710112 0.187698 0.013981 0.069998 0.649133
9 0.080653 0.069803 0.015892 0.062946 0.565217
2 0.100964 0.376060 0.049089 0.054243 0.558126
9 0.207927 0.070833 0.022037 0.087927 0.554968
9 0.561268 0.060683 0.015832 0.080372 0.436026
2 0.496683 0.872658 0.988150 0.218156 0.331038
8 0.201111 0.474911 0.066133 0.047946 0.321054
2 0.520364 0.415196 0.021052 0.023024 0.259529
0 0.637495 0.434099 0.010990 0.064818 0.257719
