5 0.287029 0.411899 0.136672 0.141380 0.899117
2 0.786884 0.539766 0.211150 0.215911 0.882126
2 0.635264 0.483868 0.050454 0.086299 0.787799
0 0.962504 0.497643 0.033014 0.164632 0.735951
2 0.672574 0.497044 0.053739 0.130118 0.599005
0 0.903384 0.498976 0.031639 0.160910 0.561428
2 0.025847 0.477081 0.051190 0.299595 0.557665
2 0.546008 0.460250 0.022420 0.034658 0.546427
2 0.604598 0.467485 0.031328 0.052712 0.531918
0 0.938440 0.480921 0.021495 0.107652 0.473303
2 0.363175 0.445628 0.022512 0.054241 0.464413
2 0.511513 0.449743 0.024298 0.039196 0.426124
0 0.212080 0.438354 0.014456 0.076646 0.379443
0 0.992510 0.505995 0.014269 0.152370 0.369172
3 0.025721 0.476972 0.050956 0.301977 0.322153
0 0.994803 0.506025 0.009746 0.154936 0.312451
0 0.093847 0.434657 0.015811 0.098073 0.305964
0 0.920027 0.487998 0.019824 0.142139 0.289101
0 0.923786 0.486616 0.017727 0.137730 0.283875
2 0.477766 0.448539 0.017412 0.017571 0.270608
0 0.105739 0.431345 0.014012 0.103781 0.264351
0 0.992316 0.483307 0.014706 0.102861 0.261574
