2 0.051975 0.470479 0.103305 0.176208 0.904897
2 0.573240 0.499207 0.128287 0.157517 0.899039
2 0.410301 0.465987 0.077242 0.109030 0.891911
2 0.286221 0.445506 0.080491 0.117826 0.850639
2 0.181216 0.427136 0.078289 0.082251 0.842666
2 0.489865 0.445604 0.053086 0.093455 0.716069
2 0.227073 0.423237 0.043303 0.072746 0.674928
9 0.218955 0.304604 0.011226 0.030842 0.544948
2 0.520109 0.465736 0.053513 0.096174 0.442930
9 0.410729 0.324920 0.011767 0.029471 0.385836
9 0.369676 0.349022 0.010757 0.035353 0.301908
