2 0.113956 0.489559 0.219016 0.196172 0.912986
2 0.538088 0.446633 0.024346 0.035048 0.741224
2 0.284782 0.449526 0.057105 0.065878 0.662900
2 0.421037 0.453218 0.042482 0.052009 0.658724
2 0.025021 0.484173 0.050008 0.086214 0.602894
2 0.237527 0.453362 0.039652 0.038495 0.555748
2 0.359757 0.452089 0.026970 0.035810 0.549331
2 0.481197 0.447656 0.027491 0.027951 0.424128
2 0.637500 0.453243 0.023730 0.036292 0.401615
7 0.578813 0.448871 0.029811 0.048977 0.368506
2 0.394352 0.446303 0.023049 0.026507 0.367584
2 0.507119 0.440040 0.018406 0.020576 0.366745
2 0.233643 0.448918 0.047565 0.046796 0.343825
2 0.452420 0.443911 0.026843 0.022478 0.312762
2 0.322223 0.450541 0.024971 0.046456 0.299583
2 0.327428 0.450194 0.034959 0.046182 0.276530
2 0.623025 0.449233 0.018733 0.036952 0.266031
2 0.578698 0.449226 0.030629 0.048331 0.261975
2 0.447078 0.440336 0.019569 0.023372 0.261626
2 0.485196 0.445866 0.026947 0.023908 0.256613
