0 0.919732 0.618998 0.159053 0.640094 0.939967
2 0.809305 0.552396 0.106767 0.088901 0.875542
2 0.047527 0.576453 0.073542 0.074147 0.823148
2 0.181588 0.579066 0.076002 0.107869 0.822292
0 0.398123 0.556634 0.025661 0.121459 0.645319
2 0.987497 0.542917 0.024341 0.063682 0.562964
2 0.121919 0.552157 0.027643 0.032393 0.553174
0 0.458624 0.560998 0.017221 0.111863 0.463701
2 0.068960 0.549791 0.033567 0.046706 0.389559
2 0.010885 0.548496 0.021654 0.042066 0.296677
2 0.044118 0.529369 0.021775 0.026002 0.274054
