2 0.870095 0.607113 0.240422 0.202823 0.917230
2 0.247627 0.594086 0.170584 0.178534 0.906692
7 0.737307 0.517123 0.147889 0.237365 0.887887
2 0.627628 0.539209 0.035391 0.048532 0.841442
2 0.405159 0.560271 0.052813 0.064926 0.808522
2 0.568236 0.546025 0.045306 0.063274 0.799609
2 0.974561 0.738514 0.049773 0.208462 0.658026
2 0.528344 0.531677 0.029014 0.038802 0.624270
2 0.436685 0.544112 0.051232 0.066911 0.578227
2 0.655130 0.550671 0.034396 0.071256 0.544567
2 0.494451 0.533725 0.020228 0.033750 0.531482
2 0.591578 0.527753 0.017661 0.027304 0.464681
2 0.661207 0.552106 0.026601 0.072332 0.389001
2 0.454096 0.547277 0.022558 0.053172 0.342894
2 0.445010 0.543204 0.039649 0.057807 0.313270
2 0.649628 0.547596 0.026959 0.064035 0.294459
2 0.665029 0.554131 0.020124 0.074690 0.254815
