2 0.649694 0.598897 0.142211 0.161143 0.912922
2 0.467275 0.637305 0.153754 0.215133 0.912291
2 0.909456 0.644450 0.180093 0.367696 0.911392
2 0.247253 0.598056 0.100665 0.112821 0.859579
2 0.803825 0.547230 0.118689 0.094854 0.836484
2 0.098239 0.634240 0.195940 0.251364 0.803187
2 0.597849 0.553328 0.086562 0.096020 0.752671
2 0.361262 0.548043 0.043951 0.053017 0.748882
2 0.533384 0.548349 0.046377 0.063406 0.645640
2 0.331876 0.545484 0.028941 0.046072 0.578797
0 0.890513 0.508657 0.019596 0.096072 0.568608
2 0.461930 0.519810 0.047135 0.026984 0.566799
2 0.414399 0.526177 0.024420 0.028627 0.513844
2 0.310087 0.556117 0.030526 0.047486 0.509214
5 0.628051 0.483491 0.078868 0.063541 0.493910
7 0.242613 0.516616 0.063212 0.087154 0.423641
2 0.010078 0.580251 0.020078 0.051379 0.405003
0 0.849225 0.497895 0.022941 0.058846 0.395510
2 0.393732 0.540713 0.020617 0.036553 0.376115
2 0.413938 0.532433 0.024764 0.035610 0.369546
2 0.384186 0.540153 0.026190 0.042277 0.305090
0 0.870121 0.507843 0.020441 0.091204 0.282032
