2 0.794528 0.450200 0.269500 0.300120 0.893190
2 0.678755 0.366364 0.175049 0.212356 0.839479
5 0.150914 0.309706 0.217166 0.215055 0.832289
2 0.925769 0.592671 0.147544 0.499881 0.817489
2 0.329430 0.333832 0.058234 0.083279 0.685957
2 0.476305 0.325006 0.044210 0.067475 0.523625
2 0.023301 0.355941 0.046137 0.051460 0.492272
2 0.024445 0.369365 0.048533 0.072784 0.459989
2 0.782297 0.843716 0.432123 0.266701 0.428262
2 0.527183 0.302349 0.040291 0.059923 0.363627
2 0.463572 0.326712 0.070164 0.074156 0.297597
9 0.491197 0.121680 0.015260 0.047699 0.264736
