2 0.679383 0.548390 0.109770 0.117048 0.869691
2 0.252842 0.542774 0.131070 0.138680 0.743530
2 0.328779 0.528450 0.047574 0.078307 0.738267
2 0.576501 0.512747 0.037838 0.048783 0.731879
2 0.632832 0.514606 0.087948 0.117264 0.602903
2 0.422981 0.504529 0.028320 0.044225 0.468435
2 0.359016 0.519130 0.029883 0.062211 0.465891
2 0.548120 0.502027 0.016930 0.035730 0.442490
2 0.397040 0.507070 0.030398 0.038288 0.417196
2 0.448178 0.490268 0.024491 0.046257 0.416053
2 0.554282 0.506810 0.014659 0.040928 0.370729
2 0.503974 0.919063 0.974813 0.137860 0.309657
2 0.464320 0.474224 0.016559 0.029894 0.306352
