2 0.617717 0.572248 0.178910 0.221174 0.896571
2 0.859251 0.638063 0.280155 0.557178 0.856848
2 0.426400 0.527511 0.039928 0.056563 0.796092
2 0.217953 0.536987 0.048058 0.051917 0.776080
2 0.087139 0.606448 0.173958 0.274860 0.774308
2 0.357582 0.527787 0.028138 0.038222 0.675405
9 0.165314 0.290572 0.013014 0.051065 0.552264
2 0.324332 0.520124 0.025527 0.032331 0.529743
2 0.518501 0.519548 0.054634 0.064598 0.435599
2 0.375321 0.515618 0.020697 0.042931 0.417868
2 0.247387 0.531470 0.030451 0.044610 0.398254
2 0.253736 0.530147 0.026101 0.044611 0.397122
2 0.282198 0.524856 0.026403 0.040254 0.352994
2 0.255937 0.527192 0.035512 0.045637 0.304841
2 0.391761 0.517514 0.017572 0.041503 0.262650
2 0.416546 0.526355 0.034646 0.052023 0.257799
