2 0.126430 0.560036 0.251945 0.311993 0.931247
2 0.530661 0.486477 0.076343 0.102148 0.842890
7 0.634227 0.444274 0.060002 0.106010 0.751712
2 0.445244 0.445327 0.033773 0.050792 0.711257
2 0.368845 0.469977 0.087151 0.116290 0.672666
2 0.593670 0.453539 0.029691 0.043793 0.636976
2 0.802835 0.474510 0.043938 0.049772 0.506087
0 0.861841 0.495684 0.022685 0.091530 0.499165
7 0.938759 0.509278 0.121734 0.335288 0.486056
7 0.939000 0.397123 0.121227 0.558703 0.400456
2 0.307152 0.445287 0.037077 0.061538 0.368576
7 0.372534 0.392346 0.049922 0.069963 0.362455
0 0.747156 0.464124 0.014462 0.074687 0.356740
0 0.733288 0.463945 0.016186 0.076638 0.343673
7 0.368874 0.470100 0.086924 0.116382 0.337641
5 0.512777 0.423346 0.049119 0.085564 0.313557
0 0.840643 0.479298 0.015554 0.081584 0.264183
2 0.297636 0.450351 0.020589 0.050592 0.260977
