2 0.547653 0.498638 0.090383 0.105173 0.867478
2 0.309646 0.486770 0.092685 0.099382 0.860776
2 0.605164 0.474462 0.032777 0.043707 0.838155
2 0.475954 0.473674 0.059001 0.070211 0.795106
7 0.146875 0.500644 0.244414 0.205514 0.732007
2 0.432231 0.476210 0.044259 0.063671 0.649397
2 0.669888 0.466979 0.018751 0.025995 0.637855
2 0.626291 0.465609 0.020826 0.029364 0.615212
2 0.911659 0.475502 0.044020 0.050153 0.555093
2 0.015608 0.486613 0.030069 0.067990 0.453210
2 0.818833 0.462458 0.042756 0.035608 0.379825
2 0.971538 0.477088 0.055831 0.067911 0.355463
2 0.663257 0.467092 0.024945 0.025992 0.349847
2 0.397534 0.462554 0.032173 0.032887 0.298386
2 0.992199 0.483055 0.014858 0.061614 0.282796
2 0.882621 0.473511 0.035194 0.045168 0.273580
2 0.034003 0.485914 0.067833 0.071713 0.265248
