2 0.090103 0.574635 0.179992 0.168780 0.923747
2 0.743851 0.562963 0.164156 0.167287 0.904386
2 0.219041 0.540924 0.105474 0.122868 0.900933
2 0.951667 0.600314 0.095700 0.195660 0.879860
2 0.873306 0.563186 0.155785 0.159798 0.858212
2 0.301087 0.522883 0.072176 0.106409 0.839808
2 0.372496 0.514791 0.039258 0.064865 0.728870
2 0.652715 0.519635 0.044338 0.069811 0.661318
2 0.345988 0.522187 0.034224 0.077890 0.652874
2 0.569134 0.503595 0.022076 0.035247 0.598654
2 0.592044 0.510116 0.029456 0.045080 0.531224
2 0.626445 0.510576 0.044654 0.063031 0.521623
2 0.531665 0.500093 0.021102 0.028274 0.505844
2 0.414057 0.511525 0.029480 0.044853 0.447288
2 0.496007 0.496554 0.023407 0.023817 0.421078
2 0.396547 0.511896 0.019186 0.056468 0.378029
2 0.439592 0.504949 0.020488 0.033139 0.373650
2 0.499525 0.495393 0.017041 0.023244 0.350248
2 0.666225 0.521632 0.047948 0.068811 0.343357
2 0.634325 0.513859 0.029259 0.065216 0.292065
2 0.404165 0.513180 0.018230 0.047332 0.261613
