2 0.080333 0.507276 0.159995 0.190942 0.916884
2 0.637526 0.447090 0.097827 0.115896 0.904778
2 0.763001 0.488853 0.197458 0.213404 0.904058
2 0.249924 0.461329 0.069014 0.091902 0.880003
2 0.181835 0.477554 0.105864 0.134708 0.876183
2 0.326991 0.439156 0.050710 0.062830 0.769247
2 0.587483 0.436665 0.044787 0.080988 0.752123
2 0.354159 0.434314 0.026837 0.050230 0.719842
2 0.387409 0.425219 0.037227 0.039002 0.629264
2 0.539500 0.424728 0.024224 0.046531 0.602568
0 0.556932 0.431534 0.019004 0.099111 0.505933
2 0.417650 0.415852 0.016536 0.024124 0.356137
2 0.507235 0.416855 0.020332 0.025431 0.317341
2 0.402021 0.419965 0.017682 0.031242 0.305348
2 0.515436 0.418939 0.018506 0.029751 0.289078
2 0.497009 0.839987 0.992466 0.292338 0.272338
