2 0.246520 0.562022 0.140939 0.147687 0.877327
2 0.624510 0.515725 0.100431 0.066981 0.867895
2 0.054631 0.530368 0.056110 0.066623 0.813972
0 0.166695 0.530693 0.015103 0.068974 0.711236
2 0.370167 0.517283 0.039714 0.050131 0.680084
9 0.294283 0.306732 0.015581 0.046349 0.655338
2 0.505872 0.521353 0.038673 0.045126 0.584110
2 0.312563 0.522657 0.036813 0.041918 0.505059
9 0.298644 0.306845 0.021307 0.046780 0.480931
9 0.302696 0.307401 0.014506 0.046679 0.428151
9 0.443760 0.344304 0.014243 0.036591 0.394607
2 0.338643 0.508165 0.023665 0.031257 0.328414
2 0.401400 0.507009 0.019073 0.022111 0.266489
2 0.466394 0.507173 0.014413 0.028723 0.262806
2 0.311467 0.516060 0.034564 0.044887 0.258003
2 0.736414 0.529282 0.036743 0.060936 0.251261
