2 0.078332 0.707569 0.156665 0.123628 0.890618
2 0.209807 0.715119 0.156461 0.174142 0.885019
2 0.425644 0.675078 0.062385 0.094680 0.866217
7 0.612987 0.694772 0.201749 0.140528 0.821226
2 0.297733 0.590617 0.046828 0.053709 0.532588
2 0.530743 0.631125 0.072862 0.060288 0.517463
2 0.403835 0.556504 0.019555 0.027420 0.425641
2 0.288492 0.613108 0.034363 0.042236 0.339336
2 0.284164 0.613893 0.043183 0.048213 0.335166
2 0.431485 0.554560 0.014688 0.021667 0.332013
2 0.335798 0.577533 0.030239 0.041857 0.330154
2 0.477639 0.564768 0.037645 0.033683 0.325195
2 0.366732 0.558465 0.019910 0.029565 0.322628
2 0.190114 0.624432 0.074636 0.045136 0.279466
2 0.277666 0.610786 0.053283 0.052145 0.261564
