7 0.278678 0.318179 0.247638 0.450583 0.912623
2 0.845492 0.477026 0.302225 0.287519 0.862131
2 0.448227 0.387190 0.061253 0.094417 0.835895
0 0.603083 0.431041 0.096245 0.302702 0.774036
7 0.130332 0.379685 0.258462 0.755477 0.763542
2 0.528257 0.457068 0.102869 0.229725 0.748989
7 0.705308 0.388827 0.110516 0.204852 0.687268
2 0.954486 0.667765 0.090073 0.338135 0.644821
2 0.413535 0.393895 0.042689 0.126761 0.606618
2 0.497571 0.872258 0.981061 0.223755 0.598210
1 0.602011 0.541333 0.085285 0.241404 0.541172
2 0.915831 0.307995 0.167529 0.287134 0.538676
2 0.558586 0.324568 0.039204 0.068688 0.303909
24 0.591124 0.374750 0.073357 0.152919 0.250103
