2 0.823752 0.543645 0.310085 0.353073 0.906707
2 0.936142 0.632732 0.126714 0.415169 0.901248
2 0.108717 0.566105 0.216577 0.314206 0.875773
2 0.669122 0.519458 0.086489 0.203035 0.852420
2 0.346828 0.522616 0.064637 0.122138 0.836363
2 0.625676 0.510312 0.046102 0.124261 0.820103
2 0.387776 0.521072 0.052340 0.087908 0.802286
2 0.253499 0.525040 0.177289 0.196389 0.787631
2 0.602980 0.496754 0.064483 0.110527 0.748881
2 0.410608 0.510506 0.048315 0.075125 0.708670
2 0.437176 0.503825 0.029611 0.060039 0.498713
2 0.473365 0.505615 0.050301 0.056110 0.414532
2 0.462530 0.504724 0.030612 0.056174 0.318108
2 0.397987 0.517550 0.065708 0.085881 0.299587
