2 0.894566 0.773501 0.209736 0.434869 0.931722
2 0.025232 0.640210 0.050230 0.131540 0.884206
0 0.287557 0.603771 0.026528 0.130094 0.715048
2 0.708672 0.635093 0.147449 0.211886 0.695723
2 0.852868 0.629545 0.085701 0.106394 0.687852
0 0.396959 0.612955 0.024872 0.137586 0.683635
0 0.341435 0.607257 0.036843 0.141893 0.636656
0 0.461456 0.613991 0.021848 0.116775 0.617160
9 0.419909 0.176282 0.019389 0.086130 0.579121
0 0.534810 0.615225 0.027715 0.129317 0.572517
0 0.572630 0.618447 0.020259 0.117425 0.513248
0 0.483074 0.606212 0.019103 0.095208 0.498955
0 0.441709 0.590154 0.016121 0.091739 0.483084
2 0.979775 0.518103 0.039553 0.070208 0.432299
9 0.400462 0.171658 0.019510 0.087313 0.429931
0 0.423370 0.589661 0.018640 0.089781 0.413090
0 0.222334 0.557490 0.015905 0.091453 0.386550
0 0.587572 0.626864 0.020463 0.108598 0.373663
0 0.381901 0.614018 0.017103 0.124768 0.371619
2 0.802293 0.640843 0.045523 0.096783 0.370741
9 0.385010 0.173070 0.021377 0.085880 0.363633
0 0.523883 0.606605 0.015487 0.095250 0.341901
0 0.235148 0.559062 0.016351 0.092090 0.301837
2 0.587084 0.593684 0.057281 0.084296 0.300108
2 0.815257 0.634023 0.069931 0.108166 0.259665
0 0.256804 0.562335 0.020611 0.091937 0.256958
9 0.392537 0.171704 0.035564 0.088893 0.250873
