2 0.586137 0.575792 0.157737 0.251066 0.889631
3 0.286392 0.610311 0.075340 0.157279 0.782468
3 0.949526 0.534205 0.100255 0.323945 0.742324
9 0.453078 0.342039 0.014005 0.054161 0.710085
0 0.755475 0.514269 0.016440 0.080871 0.638133
0 0.039319 0.623956 0.025970 0.142493 0.502140
0 0.294254 0.572289 0.057393 0.163374 0.323841
0 0.779484 0.521939 0.014726 0.072611 0.317448
0 0.726075 0.513167 0.015880 0.088136 0.304887
0 0.694787 0.527262 0.014556 0.079397 0.291090
0 0.232151 0.574749 0.014282 0.077778 0.258219
9 0.854980 0.216787 0.032545 0.099614 0.251646
2 0.949611 0.533274 0.100104 0.323099 0.251419
