2 0.822770 0.599323 0.246638 0.198154 0.891286
2 0.691255 0.553426 0.116423 0.124665 0.873773
2 0.409449 0.507207 0.075861 0.102987 0.861962
2 0.637549 0.523644 0.081132 0.114674 0.855632
2 0.039539 0.468508 0.078900 0.058739 0.854039
2 0.552849 0.500408 0.039851 0.051075 0.732897
2 0.496005 0.497793 0.037204 0.046134 0.666500
7 0.248200 0.478068 0.077934 0.099337 0.663289
7 0.894383 0.376513 0.210048 0.427995 0.662748
2 0.188102 0.487180 0.049797 0.066684 0.562177
7 0.907662 0.474405 0.183308 0.226718 0.495881
2 0.006196 0.550432 0.012392 0.143110 0.449636
2 0.434122 0.485919 0.056154 0.080469 0.420543
2 0.531172 0.499273 0.026760 0.045495 0.400692
2 0.772389 0.486337 0.083636 0.050213 0.349474
2 0.304824 0.494099 0.041320 0.062776 0.332348
