2 0.135518 0.773112 0.270325 0.440792 0.919854
2 0.540106 0.673698 0.210755 0.225183 0.908836
9 0.075977 0.239833 0.031602 0.118262 0.761529
0 0.828549 0.601182 0.035455 0.177625 0.748375
9 0.572796 0.075413 0.037325 0.144224 0.610499
2 0.824615 0.823980 0.348957 0.334527 0.598946
0 0.643703 0.602739 0.021457 0.116652 0.529988
0 0.716724 0.606228 0.021515 0.117445 0.521566
0 0.607430 0.574016 0.023976 0.075813 0.475196
0 0.980215 0.616215 0.039425 0.148921 0.442266
2 0.292654 0.606458 0.023836 0.032571 0.439135
2 0.920081 0.814322 0.159419 0.341365 0.369311
2 0.262439 0.635943 0.029264 0.055833 0.258730
