2 0.567142 0.531283 0.134581 0.225155 0.898033
2 0.161416 0.475694 0.087688 0.146268 0.887387
2 0.216316 0.466351 0.069054 0.110623 0.876788
2 0.493864 0.486580 0.080499 0.120144 0.863508
2 0.786324 0.566388 0.425855 0.659505 0.813398
2 0.479850 0.458420 0.079507 0.107903 0.808802
2 0.385462 0.438325 0.023103 0.031915 0.740724
2 0.249769 0.449867 0.056812 0.097871 0.687412
2 0.064292 0.469663 0.127919 0.312324 0.628668
2 0.323373 0.441539 0.032409 0.050392 0.594363
2 0.499392 0.841599 0.995599 0.291718 0.562697
2 0.302874 0.446643 0.032462 0.065986 0.542931
2 0.424085 0.451226 0.026703 0.056719 0.487649
2 0.290583 0.448018 0.026503 0.069083 0.480120
2 0.343138 0.440745 0.021447 0.037901 0.406808
2 0.281051 0.447925 0.028705 0.079079 0.392369
2 0.276676 0.446849 0.031585 0.087295 0.374462
2 0.444407 0.459497 0.027501 0.087662 0.350933
2 0.421169 0.446243 0.023511 0.044868 0.310395
2 0.311647 0.445137 0.019773 0.057781 0.281275
