2 0.908219 0.642118 0.182354 0.214662 0.917813
2 0.816110 0.587153 0.118490 0.108682 0.892584
2 0.708670 0.559793 0.083868 0.124825 0.842194
2 0.636788 0.583354 0.133376 0.152628 0.841441
2 0.515104 0.526579 0.053104 0.087036 0.829627
2 0.453309 0.509843 0.031511 0.045388 0.795694
2 0.484203 0.504418 0.024196 0.033732 0.608316
2 0.560009 0.512263 0.020640 0.038525 0.496198
9 0.416992 0.404116 0.010215 0.036933 0.483739
2 0.056490 0.412496 0.103703 0.046430 0.386032
2 0.199996 0.497056 0.045328 0.062574 0.380586
2 0.628744 0.497557 0.075417 0.042100 0.359024
0 0.789199 0.530067 0.022224 0.042598 0.257850
