2 0.533247 0.600285 0.212561 0.291896 0.915608
2 0.317318 0.581057 0.205467 0.221428 0.915330
2 0.926857 0.639706 0.145791 0.324825 0.804451
2 0.035948 0.602930 0.071648 0.131252 0.800916
2 0.810941 0.495219 0.218562 0.187762 0.683929
2 0.567534 0.453180 0.092124 0.075011 0.631660
2 0.456941 0.471436 0.072924 0.098553 0.595452
2 0.679119 0.462084 0.046504 0.103122 0.576802
2 0.705995 0.476185 0.054039 0.129018 0.531597
2 0.150251 0.537742 0.114201 0.160760 0.351471
7 0.559211 0.405451 0.096503 0.103976 0.287698
