2 0.845827 0.553579 0.253897 0.236831 0.922984
2 0.078198 0.473130 0.143409 0.147862 0.900504
2 0.945260 0.645747 0.108736 0.218955 0.877179
2 0.286643 0.450103 0.060565 0.057649 0.833134
2 0.543601 0.449620 0.035996 0.056924 0.790337
2 0.009972 0.514107 0.019775 0.121528 0.752068
2 0.365818 0.435574 0.027731 0.033823 0.708647
2 0.318448 0.438060 0.036578 0.058841 0.680441
2 0.640806 0.429375 0.041248 0.046783 0.675233
2 0.384533 0.428023 0.020496 0.030703 0.497744
2 0.511978 0.439484 0.020854 0.041449 0.495381
2 0.502185 0.896226 0.991049 0.184816 0.453857
2 0.965714 0.438164 0.041291 0.046211 0.419122
2 0.517382 0.439309 0.029205 0.044991 0.397926
2 0.343164 0.438710 0.020576 0.037599 0.368949
2 0.796556 0.449586 0.096878 0.076269 0.319582
2 0.495758 0.433821 0.015101 0.030481 0.290675
2 0.770735 0.450340 0.045041 0.072117 0.284729
2 0.525233 0.444870 0.025256 0.050663 0.261485
