2 0.808418 0.606209 0.163785 0.190440 0.888076
2 0.429395 0.602190 0.146713 0.241709 0.836545
2 0.921569 0.610519 0.156150 0.307559 0.812511
0 0.683911 0.541299 0.016796 0.071598 0.714944
2 0.043205 0.533499 0.059987 0.077671 0.659708
0 0.574921 0.575509 0.029896 0.119976 0.614263
0 0.113718 0.542004 0.021813 0.092025 0.595764
2 0.542305 0.529500 0.034297 0.053391 0.516544
0 0.731532 0.543266 0.019740 0.090988 0.480134
2 0.352847 0.527685 0.028589 0.041585 0.468170
2 0.489982 0.509798 0.023350 0.045857 0.397096
9 0.321528 0.361331 0.017204 0.043791 0.328512
0 0.127271 0.540352 0.015659 0.069706 0.296212
0 0.730200 0.556492 0.024596 0.116769 0.262443
