2 0.285870 0.451469 0.103138 0.127211 0.895151
2 0.085588 0.432715 0.170545 0.192558 0.893177
0 0.891117 0.473894 0.040449 0.216198 0.827078
0 0.766638 0.480732 0.052355 0.230651 0.799068
2 0.228075 0.432507 0.050991 0.077687 0.774905
0 0.604513 0.452561 0.034644 0.186459 0.770902
2 0.376918 0.431034 0.034847 0.063372 0.748032
2 0.175644 0.416697 0.067330 0.088974 0.745003
2 0.345182 0.444016 0.043583 0.087019 0.733470
2 0.450539 0.863958 0.899018 0.243552 0.669488
0 0.721208 0.490802 0.043170 0.145452 0.570700
2 0.401235 0.421505 0.020795 0.038012 0.306020
