2 0.880529 0.569245 0.238519 0.398083 0.783040
0 0.658668 0.421801 0.034298 0.224395 0.716151
2 0.584269 0.350652 0.064122 0.111599 0.643030
0 0.625266 0.368113 0.023117 0.114686 0.555735
2 0.373210 0.359708 0.076696 0.127123 0.508481
2 0.458501 0.345716 0.060189 0.066419 0.488525
7 0.372965 0.358505 0.075975 0.123891 0.484108
5 0.959581 0.333545 0.079627 0.087338 0.479281
2 0.053803 0.342470 0.098134 0.120170 0.458163
2 0.261391 0.319251 0.047279 0.056946 0.453857
2 0.007888 0.370535 0.015696 0.129108 0.418429
2 0.427829 0.348610 0.052582 0.062137 0.394977
7 0.736964 0.357186 0.135615 0.149980 0.383160
2 0.143816 0.347555 0.105441 0.119857 0.332899
2 0.925076 0.570270 0.148988 0.397837 0.260296
