2 0.538353 0.603167 0.232073 0.343279 0.905091
2 0.793677 0.480371 0.131343 0.155338 0.830777
0 0.238697 0.534422 0.045357 0.244364 0.773407
2 0.085736 0.502544 0.170973 0.159882 0.747719
2 0.667611 0.425739 0.026313 0.029772 0.606617
9 0.331606 0.223746 0.023842 0.101753 0.581888
2 0.693058 0.423131 0.025859 0.032820 0.466049
2 0.193794 0.500508 0.052937 0.074429 0.452529
2 0.010863 0.749407 0.021647 0.130866 0.414329
9 0.873073 0.230449 0.014660 0.064715 0.392141
9 0.453264 0.384901 0.016706 0.039146 0.330039
2 0.600839 0.417381 0.020850 0.037523 0.251505
