2 0.786014 0.600696 0.162353 0.148381 0.884640
2 0.035208 0.612830 0.070181 0.110430 0.770312
2 0.698293 0.577914 0.087774 0.115896 0.760879
2 0.624179 0.548432 0.052917 0.080431 0.655202
2 0.162923 0.581188 0.087231 0.075887 0.618794
2 0.364563 0.556475 0.051084 0.080902 0.607069
2 0.566554 0.536546 0.025616 0.034434 0.575498
2 0.589771 0.547524 0.021118 0.058756 0.424807
2 0.317687 0.560509 0.036104 0.034355 0.354666
2 0.298272 0.567920 0.033551 0.039991 0.299991
2 0.309586 0.564091 0.032465 0.035335 0.260830
2 0.311836 0.564696 0.043120 0.039344 0.254705
2 0.291996 0.570258 0.048728 0.040849 0.251435
