2 0.054447 0.514470 0.108361 0.126043 0.911600
2 0.137051 0.495237 0.084037 0.101988 0.821340
0 0.747381 0.476457 0.021757 0.083359 0.751659
2 0.525418 0.465864 0.048475 0.061448 0.735721
0 0.891915 0.469379 0.029647 0.121028 0.680417
2 0.462511 0.483980 0.080131 0.130025 0.670294
0 0.983502 0.469433 0.030278 0.126527 0.668796
0 0.709198 0.466208 0.020214 0.090088 0.665462
2 0.628833 0.472580 0.060566 0.060778 0.654905
2 0.578794 0.466706 0.034591 0.039392 0.573417
2 0.215304 0.481609 0.063163 0.075090 0.483069
0 0.280465 0.461790 0.014514 0.054920 0.415029
2 0.410861 0.450932 0.029639 0.029585 0.413554
2 0.380314 0.461634 0.025438 0.032357 0.360002
2 0.216733 0.467625 0.063313 0.096454 0.303721
2 0.353181 0.460865 0.024508 0.034448 0.283933
2 0.408651 0.455183 0.029492 0.031919 0.255642
