2 0.890873 0.730405 0.217557 0.224386 0.898333
2 0.568835 0.635422 0.099812 0.125195 0.857170
2 0.286157 0.611686 0.120023 0.133986 0.851819
2 0.062924 0.655243 0.125848 0.347014 0.843584
2 0.662343 0.634753 0.116032 0.156167 0.839628
2 0.459109 0.586498 0.045471 0.067599 0.726543
2 0.407380 0.573660 0.047521 0.067494 0.719220
0 0.202343 0.570245 0.030060 0.114407 0.590071
0 0.109701 0.554324 0.034053 0.141860 0.518887
0 0.156284 0.563999 0.028470 0.132499 0.506954
2 0.350233 0.594463 0.058793 0.111098 0.405602
2 0.383727 0.589631 0.032131 0.095497 0.327375
2 0.521473 0.586022 0.038887 0.041417 0.323982
2 0.392036 0.584086 0.048281 0.087750 0.272043
