2 0.065638 0.732552 0.130850 0.171205 0.897748
2 0.913596 0.798299 0.172080 0.368681 0.886166
2 0.640729 0.741071 0.146121 0.176437 0.852385
2 0.831592 0.726755 0.141396 0.095722 0.831395
2 0.735844 0.707756 0.075015 0.063080 0.825562
2 0.256729 0.704890 0.064414 0.070874 0.824931
2 0.550145 0.724335 0.070893 0.089151 0.821664
2 0.295867 0.701688 0.028318 0.049905 0.756965
2 0.489297 0.706988 0.035381 0.053203 0.652784
2 0.195462 0.693148 0.067971 0.051473 0.543469
2 0.392151 0.687290 0.027851 0.030631 0.452675
2 0.316980 0.701273 0.021807 0.038044 0.397335
2 0.470526 0.701211 0.023518 0.039750 0.386900
2 0.190882 0.682918 0.058071 0.032106 0.369132
2 0.134669 0.711169 0.036932 0.078649 0.352480
2 0.337786 0.699538 0.018564 0.032319 0.339452
2 0.330037 0.698591 0.021364 0.036045 0.311715
2 0.341836 0.700420 0.021459 0.029295 0.302970
2 0.370248 0.692970 0.015505 0.021041 0.299905
2 0.150533 0.704177 0.021085 0.030081 0.286417
