2 0.830151 0.414962 0.204650 0.223177 0.905988
2 0.937238 0.468864 0.124953 0.350186 0.903610
2 0.692211 0.376928 0.069045 0.085627 0.870329
2 0.092195 0.434991 0.184389 0.221116 0.820738
2 0.493831 0.377563 0.038156 0.078887 0.813330
2 0.024015 0.503786 0.047559 0.162887 0.709210
2 0.499360 0.831654 0.994769 0.307958 0.702599
7 0.428252 0.387574 0.108034 0.161356 0.677405
2 0.510856 0.370069 0.031791 0.064597 0.589534
2 0.529644 0.365603 0.023595 0.053543 0.553496
7 0.639128 0.352147 0.042922 0.065047 0.494915
2 0.545254 0.362654 0.020013 0.039651 0.444889
2 0.640492 0.353972 0.041574 0.063813 0.405309
2 0.556955 0.362263 0.016683 0.029921 0.339889
2 0.551804 0.365056 0.021036 0.031759 0.279966
