2 0.817984 0.504089 0.318470 0.329836 0.925515
0 0.317044 0.381133 0.026093 0.167540 0.817807
2 0.684299 0.412530 0.157039 0.194407 0.737619
0 0.248121 0.365618 0.024980 0.150046 0.717058
7 0.478400 0.397262 0.250601 0.578270 0.661166
0 0.938097 0.359562 0.018391 0.090239 0.638112
0 0.346947 0.363842 0.026660 0.135058 0.587531
0 0.066221 0.348932 0.014822 0.065369 0.431743
2 0.198366 0.343354 0.030183 0.061994 0.416504
2 0.085926 0.330991 0.035013 0.034468 0.389134
2 0.026021 0.347181 0.051534 0.073080 0.351276
2 0.505516 0.861130 0.984035 0.250453 0.266135
0 0.227365 0.335130 0.021549 0.084166 0.252029
