2 0.776899 0.743478 0.445652 0.493357 0.921473
0 0.127530 0.604874 0.100782 0.373290 0.827043
0 0.190066 0.580034 0.055646 0.240920 0.825131
2 0.519790 0.588807 0.263222 0.283547 0.773626
0 0.256678 0.555463 0.044899 0.178092 0.763036
0 0.054926 0.601368 0.069427 0.373323 0.701530
0 0.329095 0.563297 0.027885 0.129524 0.541725
26 0.134006 0.586933 0.036545 0.115892 0.495243
26 0.132583 0.564384 0.040501 0.162290 0.468038
9 0.909827 0.347413 0.017409 0.064439 0.440768
0 0.383522 0.579676 0.030368 0.115186 0.435130
9 0.623421 0.259371 0.021787 0.073756 0.322769
0 0.988686 0.622286 0.022083 0.161648 0.275232
