5 0.140668 0.250283 0.280579 0.491579 0.906257
2 0.421759 0.319810 0.047543 0.067119 0.791630
2 0.647160 0.317131 0.043694 0.062279 0.639452
2 0.572393 0.325289 0.069586 0.121023 0.636278
7 0.572185 0.325524 0.069561 0.121563 0.600858
2 0.785544 0.313200 0.057973 0.043954 0.578088
2 0.485236 0.315465 0.028250 0.033933 0.577244
2 0.900857 0.322457 0.157703 0.084982 0.542605
2 0.322092 0.322730 0.037774 0.054138 0.495782
2 0.357521 0.329000 0.024352 0.031959 0.478301
2 0.296248 0.321114 0.038160 0.062639 0.412697
2 0.617061 0.317184 0.021876 0.040041 0.370058
2 0.308140 0.320032 0.063455 0.063570 0.349491
2 0.890053 0.321251 0.118614 0.077027 0.324627
2 0.524364 0.312908 0.019348 0.024866 0.287945
2 0.723393 0.308331 0.026205 0.045239 0.260051
