2 0.097425 0.483818 0.194258 0.315549 0.939733
2 0.808014 0.495426 0.273665 0.323423 0.903273
2 0.674881 0.433034 0.133259 0.168292 0.902104
2 0.214532 0.413432 0.176997 0.195402 0.888688
2 0.946321 0.641390 0.106456 0.270130 0.856485
2 0.295395 0.383572 0.100300 0.152237 0.838444
2 0.358378 0.367644 0.068535 0.092884 0.819633
2 0.615873 0.370339 0.134886 0.184066 0.784890
2 0.546256 0.374839 0.035055 0.091324 0.724861
2 0.403181 0.354759 0.033293 0.068635 0.650857
2 0.525403 0.357723 0.029168 0.068589 0.594087
2 0.391361 0.356780 0.030951 0.074699 0.437445
2 0.504665 0.351012 0.024261 0.048337 0.426337
2 0.532159 0.360564 0.024684 0.071477 0.400202
2 0.500092 0.346052 0.017690 0.038428 0.362752
2 0.515926 0.353257 0.020367 0.055969 0.322659
2 0.499750 0.833856 0.997081 0.301128 0.309938
2 0.486006 0.342193 0.013823 0.030202 0.304858
2 0.425943 0.345307 0.018040 0.037472 0.253592
