2 0.788247 0.592079 0.422185 0.403539 0.913594
2 0.425866 0.516833 0.106889 0.106944 0.887920
2 0.058635 0.522986 0.089256 0.146858 0.771263
2 0.226969 0.503432 0.078599 0.114324 0.747749
2 0.128229 0.497896 0.055476 0.096128 0.722295
2 0.027712 0.562289 0.055276 0.235450 0.714762
2 0.293958 0.476289 0.039134 0.057758 0.712778
2 0.161312 0.480075 0.036956 0.052988 0.652815
2 0.268674 0.470226 0.024753 0.041075 0.514940
2 0.102547 0.510609 0.046760 0.115237 0.445546
9 0.486435 0.044276 0.038042 0.088551 0.441310
2 0.182191 0.475989 0.016665 0.042172 0.266921
