2 0.121237 0.687379 0.242277 0.538056 0.924010
9 0.527880 0.283575 0.020344 0.053510 0.778029
2 0.507342 0.576413 0.244381 0.366233 0.735670
0 0.831234 0.523392 0.028839 0.126444 0.703811
2 0.334535 0.506107 0.068320 0.080110 0.646123
2 0.388601 0.491421 0.072592 0.159380 0.642922
2 0.748659 0.516122 0.148798 0.118111 0.615817
2 0.256200 0.506669 0.086430 0.091846 0.534450
0 0.851805 0.521189 0.020243 0.087825 0.526388
2 0.379866 0.508898 0.055149 0.121773 0.502393
0 0.935851 0.519289 0.035578 0.140285 0.501366
2 0.165418 0.521041 0.086121 0.085074 0.485385
2 0.618986 0.500224 0.044197 0.067315 0.417899
9 0.859818 0.130097 0.027877 0.119030 0.370238
2 0.616319 0.537846 0.046896 0.141815 0.291230
9 0.909794 0.065418 0.023189 0.073035 0.256210
9 0.140890 0.227446 0.026710 0.063384 0.251006
