2 0.894411 0.555806 0.210200 0.237305 0.921702
2 0.722181 0.509296 0.151893 0.141622 0.832353
2 0.644578 0.501827 0.072997 0.099669 0.779621
2 0.182994 0.485278 0.072258 0.057209 0.582018
7 0.316678 0.458974 0.048099 0.079510 0.573636
2 0.509907 0.479936 0.062755 0.057301 0.534671
2 0.037565 0.498713 0.075131 0.095038 0.527596
2 0.359041 0.468208 0.022846 0.029376 0.427300
2 0.564144 0.486285 0.064927 0.067810 0.313187
2 0.199517 0.484532 0.056554 0.048518 0.288180
2 0.247104 0.473760 0.027402 0.036696 0.275652
