2 0.494387 0.550097 0.116838 0.176120 0.852294
2 0.057720 0.503984 0.115152 0.246458 0.807795
2 0.871748 0.587958 0.087032 0.179161 0.773136
2 0.382808 0.504058 0.066450 0.080158 0.702481
2 0.242024 0.488292 0.062244 0.070764 0.535701
7 0.716880 0.538921 0.294217 0.353201 0.515469
2 0.179411 0.490864 0.083001 0.093789 0.511936
2 0.438342 0.492667 0.025259 0.040865 0.431581
5 0.717652 0.539538 0.294110 0.352401 0.403513
2 0.103924 0.475550 0.078974 0.139613 0.360414
2 0.326154 0.489163 0.046791 0.057032 0.318542
2 0.443494 0.489107 0.033470 0.049719 0.296579
