2 0.560820 0.479480 0.206440 0.236477 0.914080
0 0.032143 0.423712 0.032056 0.146972 0.729600
0 0.182792 0.429563 0.023208 0.109305 0.721695
2 0.462998 0.385804 0.031238 0.043893 0.676562
0 0.284769 0.406117 0.015288 0.082598 0.635272
2 0.398786 0.414568 0.057292 0.077985 0.603812
2 0.960913 0.440429 0.077474 0.132926 0.533660
2 0.433020 0.406239 0.020622 0.050626 0.486856
7 0.653516 0.404212 0.056350 0.088795 0.467720
0 0.297932 0.409052 0.015605 0.072984 0.364667
7 0.960845 0.438605 0.077258 0.137530 0.347036
2 0.424660 0.405880 0.026261 0.058227 0.328568
2 0.653721 0.403949 0.055008 0.089267 0.257895
