2 0.725519 0.398799 0.180208 0.127583 0.880804
2 0.893021 0.399415 0.145905 0.097534 0.825224
2 0.201794 0.394942 0.079507 0.102401 0.801196
2 0.957068 0.434776 0.085326 0.152961 0.770059
2 0.410522 0.396942 0.071917 0.094774 0.715746
2 0.259039 0.384418 0.022523 0.050727 0.563338
2 0.369389 0.371238 0.033955 0.056123 0.553640
2 0.242687 0.387131 0.024540 0.067289 0.519691
2 0.277113 0.379797 0.024060 0.041871 0.427270
2 0.292660 0.369469 0.014650 0.024302 0.317418
2 0.293019 0.366428 0.019192 0.029877 0.267104
