2 0.575746 0.592635 0.215372 0.260139 0.888321
2 0.919048 0.513103 0.052481 0.095193 0.711804
2 0.887843 0.508117 0.047252 0.088689 0.687271
2 0.733140 0.516883 0.059860 0.087997 0.646154
2 0.962587 0.504431 0.073937 0.138075 0.643401
2 0.658928 0.528071 0.105212 0.158582 0.603717
2 0.720006 0.523701 0.039800 0.099618 0.382970
2 0.756065 0.504030 0.032442 0.055397 0.361075
2 0.905618 0.510664 0.076747 0.090232 0.331351
2 0.772790 0.504792 0.025176 0.051883 0.309590
2 0.752226 0.513171 0.023756 0.076226 0.276135
2 0.853938 0.502140 0.025284 0.047596 0.255160
