2 0.338805 0.596136 0.256217 0.389570 0.887583
2 0.895189 0.629005 0.208671 0.398936 0.886215
2 0.155634 0.449915 0.077054 0.078954 0.688874
7 0.086387 0.588401 0.172125 0.553178 0.556612
9 0.234702 0.265744 0.013090 0.047050 0.523182
7 0.640844 0.492958 0.293124 0.358225 0.467420
9 0.145618 0.243354 0.015288 0.047360 0.403791
0 0.504332 0.492176 0.025887 0.128548 0.384754
2 0.358645 0.948298 0.267776 0.094905 0.372401
2 0.204595 0.457522 0.032740 0.053553 0.306399
2 0.213659 0.459288 0.014597 0.053317 0.256445
