2 0.021393 0.748024 0.042660 0.152646 0.809950
2 0.556830 0.618356 0.040368 0.055190 0.766641
2 0.121954 0.650058 0.069788 0.068845 0.758893
2 0.488559 0.617151 0.028901 0.040627 0.746700
2 0.246330 0.638336 0.047817 0.054940 0.687180
7 0.401440 0.629524 0.104382 0.149228 0.657090
2 0.732005 0.612073 0.062047 0.082337 0.571956
2 0.019802 0.665973 0.039115 0.052623 0.508038
2 0.608250 0.602368 0.019730 0.030122 0.360267
2 0.325866 0.627209 0.027993 0.039002 0.337879
2 0.592568 0.603921 0.016874 0.029166 0.321206
2 0.539701 0.599705 0.023025 0.047006 0.309835
2 0.503900 0.601729 0.017591 0.022096 0.309816
2 0.676888 0.611119 0.028419 0.058997 0.278056
