2 0.665258 0.413484 0.167078 0.225390 0.799173
2 0.250701 0.410842 0.106972 0.106897 0.784092
2 0.449392 0.393453 0.073704 0.117562 0.665568
7 0.309706 0.384677 0.083307 0.128214 0.648141
2 0.494370 0.393016 0.022615 0.045015 0.597497
2 0.373395 0.382061 0.033810 0.065167 0.521819
2 0.357520 0.385006 0.027698 0.075281 0.493515
9 0.303382 0.071403 0.013186 0.060137 0.480462
7 0.448773 0.392760 0.072918 0.117315 0.439016
2 0.365790 0.386995 0.022334 0.062280 0.347749
2 0.352393 0.380098 0.032465 0.086413 0.285558
2 0.532473 0.393502 0.021777 0.026506 0.275978
2 0.579093 0.393235 0.019097 0.047655 0.266688
