2 0.311564 0.614058 0.204137 0.211147 0.909215
0 0.895023 0.626387 0.060186 0.348345 0.880290
2 0.412780 0.562842 0.048887 0.084520 0.756607
0 0.133672 0.562315 0.026539 0.121240 0.751508
2 0.450377 0.548885 0.035523 0.040889 0.571588
0 0.687734 0.567680 0.033675 0.163977 0.548049
0 0.721844 0.568778 0.023786 0.116592 0.408394
25 0.691198 0.512164 0.050554 0.065340 0.401407
9 0.175427 0.045878 0.045769 0.086321 0.392693
0 0.730101 0.574878 0.018543 0.112207 0.375505
9 0.658457 0.238169 0.017654 0.061453 0.372477
0 0.733555 0.577676 0.019270 0.111605 0.345653
0 0.743120 0.583164 0.018617 0.104240 0.336421
2 0.422436 0.561657 0.030264 0.076730 0.330558
9 0.183923 0.048214 0.033671 0.091657 0.319826
2 0.570330 0.549288 0.029861 0.035751 0.316436
2 0.622130 0.551006 0.082512 0.098056 0.297290
2 0.517263 0.544560 0.016302 0.026689 0.295398
9 0.161911 0.044598 0.036097 0.083885 0.287328
25 0.690397 0.500845 0.051569 0.054019 0.278735
0 0.716675 0.566890 0.026089 0.115533 0.257759
