2 0.784809 0.540651 0.323826 0.335182 0.933169
2 0.451059 0.612847 0.277964 0.394274 0.927790
2 0.107154 0.540160 0.133547 0.126089 0.895632
2 0.201333 0.510041 0.062696 0.067090 0.819978
2 0.291953 0.494918 0.038127 0.051319 0.796720
2 0.613342 0.504150 0.120121 0.182310 0.791877
0 0.984704 0.434058 0.030130 0.185805 0.673479
2 0.553853 0.461613 0.026157 0.043957 0.359894
2 0.266402 0.491172 0.022461 0.033802 0.323630
9 0.228618 0.381942 0.014954 0.030276 0.279050
2 0.323688 0.482120 0.027351 0.031811 0.271260
