2 0.055641 0.601261 0.111283 0.180802 0.868396
2 0.141460 0.580836 0.092365 0.111952 0.832259
2 0.864982 0.601545 0.269267 0.348253 0.765573
2 0.273274 0.540276 0.033551 0.045191 0.707997
2 0.502677 0.515603 0.056625 0.082335 0.650250
2 0.205119 0.560516 0.067840 0.081959 0.640975
2 0.463478 0.517852 0.026824 0.049720 0.541707
2 0.238323 0.547846 0.048360 0.074047 0.485423
2 0.582606 0.514279 0.069807 0.076144 0.439389
2 0.432169 0.512109 0.026603 0.038590 0.417996
0 0.765594 0.557522 0.071078 0.271578 0.405299
2 0.315434 0.532408 0.044597 0.041190 0.398065
2 0.718988 0.533962 0.159182 0.250805 0.389571
2 0.323310 0.531464 0.033211 0.040164 0.371666
2 0.573936 0.914330 0.846102 0.151242 0.364755
2 0.308252 0.533334 0.040709 0.041713 0.322867
2 0.299938 0.535321 0.027454 0.042360 0.311183
2 0.423209 0.513490 0.017476 0.032135 0.308906
2 0.439186 0.510934 0.027801 0.041035 0.297679
7 0.696898 0.533594 0.201626 0.251289 0.296094
2 0.216477 0.553800 0.082757 0.073931 0.288500
2 0.335502 0.524817 0.024669 0.031424 0.286750
2 0.246273 0.547413 0.031792 0.069198 0.259088
