2 0.708025 0.604690 0.191682 0.228907 0.896585
2 0.054734 0.591972 0.108389 0.218832 0.882239
2 0.146640 0.567544 0.145185 0.171967 0.881438
2 0.477293 0.524704 0.077207 0.113603 0.879882
2 0.234638 0.525586 0.091580 0.131197 0.846660
2 0.295640 0.521812 0.056193 0.089980 0.777334
2 0.865158 0.696474 0.268402 0.587476 0.770895
2 0.320463 0.508202 0.048466 0.081921 0.654934
7 0.622717 0.525520 0.133742 0.211259 0.529906
2 0.623273 0.524650 0.133283 0.211547 0.357045
2 0.730025 0.475390 0.044597 0.031214 0.264016
