2 0.633288 0.484364 0.080251 0.090119 0.844340
2 0.973328 0.464044 0.052612 0.106398 0.810802
2 0.391645 0.473844 0.037679 0.057382 0.779130
2 0.582092 0.482391 0.047619 0.067094 0.775804
2 0.427669 0.470061 0.023515 0.024885 0.681861
2 0.501888 0.473475 0.031860 0.041065 0.622889
2 0.547475 0.475642 0.045607 0.063629 0.591863
2 0.555097 0.475824 0.031807 0.063066 0.534733
2 0.450543 0.470008 0.019776 0.031807 0.457045
2 0.538585 0.473521 0.030120 0.059409 0.409089
2 0.480613 0.465439 0.033160 0.049420 0.384649
2 0.474376 0.464610 0.030824 0.048610 0.344312
2 0.485267 0.467010 0.027479 0.047559 0.260418
2 0.468182 0.465200 0.019735 0.047363 0.251126
