2 0.796395 0.509569 0.362291 0.325001 0.952876
5 0.091615 0.343345 0.181759 0.338417 0.854558
7 0.442274 0.359221 0.045141 0.103311 0.831196
2 0.216882 0.396110 0.076670 0.126720 0.828722
2 0.494079 0.864354 0.985272 0.242113 0.788975
2 0.258781 0.389650 0.057685 0.106890 0.731608
0 0.984086 0.443788 0.031164 0.145660 0.694746
2 0.542469 0.387742 0.037666 0.053765 0.678371
2 0.589131 0.388090 0.058688 0.082047 0.660513
2 0.314491 0.380427 0.043676 0.071016 0.649285
2 0.520865 0.379189 0.026237 0.046921 0.560688
2 0.413510 0.359463 0.017223 0.037373 0.543961
0 0.908226 0.384822 0.028643 0.067015 0.542771
2 0.292687 0.389675 0.035386 0.071643 0.526454
2 0.337267 0.377869 0.033442 0.054182 0.489088
2 0.357738 0.376439 0.024303 0.044925 0.478670
2 0.505433 0.369919 0.016964 0.029151 0.390953
