2 0.445188 0.493419 0.139127 0.166288 0.925541
2 0.765053 0.556673 0.266059 0.324085 0.917178
2 0.107910 0.474267 0.137965 0.156605 0.834402
2 0.380661 0.449722 0.081741 0.124966 0.826260
2 0.176064 0.431225 0.067703 0.060267 0.597517
9 0.495822 0.258776 0.011527 0.052284 0.532862
2 0.478547 0.888745 0.951697 0.198527 0.523158
7 0.516309 0.396039 0.103211 0.189626 0.514736
2 0.639685 0.487246 0.081468 0.132913 0.514005
9 0.697427 0.188263 0.016804 0.058259 0.459143
2 0.632759 0.497065 0.066027 0.111330 0.430193
5 0.515789 0.396144 0.102953 0.190768 0.417565
2 0.579386 0.430830 0.019040 0.035792 0.334657
2 0.184657 0.429136 0.050657 0.051971 0.317616
2 0.094338 0.384835 0.061602 0.040906 0.297629
7 0.038770 0.360424 0.076912 0.279496 0.264830
9 0.127225 0.355373 0.016579 0.030990 0.262467
2 0.647971 0.420555 0.080277 0.054741 0.254534
