2 0.139496 0.429023 0.278527 0.259564 0.874564
2 0.641240 0.354297 0.083114 0.122117 0.763768
2 0.520000 0.347054 0.085942 0.121529 0.741895
5 0.110923 0.175492 0.221318 0.350245 0.741561
2 0.953713 0.458967 0.091640 0.441217 0.717486
0 0.812864 0.335428 0.020626 0.093625 0.670116
0 0.320961 0.357850 0.028085 0.118890 0.628830
7 0.579558 0.298626 0.069784 0.140245 0.545458
0 0.286974 0.361956 0.022345 0.107290 0.478771
0 0.856373 0.349976 0.021610 0.099255 0.436328
0 0.382070 0.358605 0.033905 0.096716 0.420977
0 0.238190 0.341675 0.022840 0.068649 0.410806
2 0.463788 0.344283 0.030125 0.069957 0.395892
2 0.407779 0.347383 0.074534 0.085609 0.319624
0 0.259374 0.350295 0.019833 0.077105 0.318184
2 0.381901 0.355299 0.085680 0.092971 0.295364
2 0.393462 0.356299 0.056508 0.091596 0.292388
0 0.211174 0.335266 0.025423 0.057340 0.282085
0 0.290887 0.368662 0.021552 0.097657 0.272144
