5 0.108892 0.523437 0.217784 0.181996 0.926856
2 0.659797 0.563343 0.109436 0.132921 0.854428
2 0.414923 0.561924 0.150116 0.238981 0.837862
2 0.569365 0.545360 0.067418 0.091173 0.715898
2 0.603427 0.566452 0.036445 0.078393 0.711347
2 0.520652 0.544578 0.042415 0.068266 0.481726
0 0.256407 0.543037 0.010184 0.035257 0.445424
2 0.334320 0.538076 0.017005 0.021014 0.429352
9 0.278802 0.448941 0.010324 0.028352 0.428429
2 0.499277 0.881226 0.993342 0.201747 0.360861
0 0.231395 0.545267 0.010382 0.047872 0.337384
0 0.279287 0.537647 0.008685 0.043151 0.334856
2 0.523451 0.534308 0.046609 0.089017 0.330629
0 0.294510 0.535691 0.009628 0.045652 0.260494
