2 0.402648 0.643430 0.054801 0.075250 0.873177
2 0.495373 0.640101 0.059808 0.085293 0.861419
2 0.554126 0.623305 0.031134 0.046391 0.817910
2 0.454607 0.625021 0.029952 0.043905 0.816993
0 0.706930 0.620294 0.019469 0.104858 0.730600
0 0.685039 0.625472 0.019644 0.098466 0.726867
0 0.137045 0.642472 0.021194 0.101865 0.724782
0 0.730196 0.617964 0.018751 0.099821 0.683085
0 0.897453 0.619006 0.035380 0.141341 0.680175
5 0.299531 0.606364 0.161362 0.272481 0.662507
0 0.105275 0.654596 0.025827 0.121013 0.649503
7 0.299700 0.607511 0.160983 0.273928 0.570524
2 0.532757 0.620093 0.015839 0.029020 0.319077
1 0.908328 0.644402 0.058903 0.095925 0.277913
