2 0.510065 0.441521 0.184285 0.280779 0.933585
2 0.926957 0.469492 0.144967 0.312529 0.907696
2 0.386380 0.384992 0.073778 0.124352 0.835277
2 0.482377 0.834294 0.961770 0.301951 0.715438
9 0.561251 0.020673 0.021037 0.041260 0.596426
1 0.661653 0.372211 0.043804 0.080123 0.592906
5 0.254716 0.360480 0.105698 0.111587 0.590473
1 0.737975 0.391248 0.047573 0.072444 0.449518
9 0.300530 0.265512 0.019772 0.046693 0.397472
0 0.875004 0.316700 0.025083 0.096947 0.374004
1 0.656603 0.380188 0.035012 0.066572 0.371099
0 0.760493 0.362625 0.021122 0.126752 0.342095
9 0.429638 0.179870 0.011495 0.045137 0.325927
9 0.320123 0.270601 0.014788 0.053872 0.325032
1 0.729368 0.391177 0.034575 0.069630 0.276768
9 0.299857 0.252764 0.019704 0.074048 0.267804
