2 0.516666 0.665381 0.217959 0.247784 0.894996
2 0.070620 0.545620 0.137108 0.149061 0.826382
2 0.369364 0.557959 0.062589 0.090953 0.786466
2 0.421539 0.605764 0.088690 0.143963 0.785206
2 0.183324 0.532384 0.057253 0.063415 0.771821
2 0.216804 0.527442 0.025725 0.050332 0.731321
2 0.320739 0.534855 0.027763 0.046857 0.620816
2 0.717800 0.570304 0.083676 0.092603 0.605202
2 0.338240 0.548250 0.031758 0.078274 0.577994
2 0.244176 0.522121 0.025963 0.039392 0.574937
2 0.238093 0.523797 0.032591 0.043345 0.437427
2 0.325304 0.536380 0.020981 0.051349 0.370199
2 0.285864 0.528478 0.018533 0.022757 0.283430
2 0.304877 0.529968 0.019970 0.032261 0.272353
