2 0.925655 0.555025 0.147325 0.214169 0.906287
2 0.822632 0.529986 0.223394 0.183888 0.898816
2 0.679686 0.512583 0.183162 0.150344 0.864416
2 0.592436 0.488546 0.189091 0.142295 0.838152
2 0.493100 0.478347 0.135276 0.108279 0.797065
2 0.329509 0.467836 0.064157 0.051710 0.724752
2 0.196325 0.460398 0.047439 0.040988 0.510515
2 0.164108 0.451965 0.055767 0.034994 0.420826
2 0.290561 0.468595 0.048761 0.048868 0.327727
2 0.444772 0.473433 0.080439 0.090402 0.289250
2 0.084298 0.454216 0.068249 0.040195 0.251950
