2 0.850952 0.625717 0.296682 0.409592 0.932737
2 0.064321 0.534722 0.128099 0.195391 0.930701
2 0.684686 0.529642 0.165030 0.192613 0.916780
2 0.202835 0.494901 0.098688 0.117605 0.881554
2 0.356771 0.473819 0.060147 0.078196 0.855543
7 0.585635 0.472055 0.132332 0.183083 0.821629
2 0.483386 0.455407 0.045601 0.062686 0.724103
2 0.501109 0.466039 0.036169 0.060148 0.714145
2 0.316588 0.463715 0.025393 0.045893 0.689289
2 0.387808 0.456012 0.026883 0.042735 0.666215
2 0.263848 0.468389 0.062543 0.083793 0.643156
2 0.247743 0.482082 0.033152 0.075992 0.592660
2 0.456809 0.452017 0.017281 0.035095 0.410539
2 0.418168 0.438845 0.022331 0.028772 0.386812
2 0.442102 0.440098 0.016953 0.020540 0.375274
2 0.517050 0.478933 0.028608 0.088619 0.351471
2 0.523010 0.481254 0.039942 0.096226 0.285044
