0 0.852906 0.444732 0.110107 0.379734 0.833047
2 0.232786 0.450975 0.057348 0.069182 0.830580
58 0.947473 0.448780 0.049615 0.123392 0.771395
1 0.754939 0.557386 0.104128 0.212631 0.735268
0 0.505105 0.405367 0.024775 0.124142 0.690274
2 0.166092 0.427265 0.023783 0.041970 0.445122
2 0.140606 0.431051 0.021954 0.035230 0.443393
2 0.011802 0.475339 0.023326 0.092431 0.328003
0 0.375765 0.422428 0.015594 0.079529 0.323322
0 0.485530 0.376690 0.016789 0.091089 0.303344
2 0.070635 0.450713 0.034267 0.068535 0.273831
0 0.089031 0.435846 0.016729 0.078412 0.250543
