2 0.535675 0.422268 0.114418 0.165598 0.764752
0 0.319163 0.404609 0.031950 0.145908 0.648315
0 0.212122 0.437813 0.039124 0.199588 0.563503
0 0.418567 0.398557 0.023809 0.130613 0.475376
7 0.779252 0.338599 0.439742 0.677199 0.428800
0 0.277035 0.408159 0.026514 0.149598 0.419012
0 0.364166 0.405194 0.022712 0.132320 0.373007
0 0.400050 0.402417 0.022245 0.130819 0.357479
0 0.380609 0.405367 0.021163 0.132384 0.348863
62 0.786473 0.330544 0.427054 0.657768 0.345544
0 0.238719 0.413664 0.027976 0.141232 0.286232
