2 0.469319 0.740442 0.258185 0.349040 0.914590
7 0.296763 0.574149 0.233214 0.341567 0.782194
0 0.726033 0.572755 0.021824 0.122491 0.685953
0 0.167085 0.606112 0.030497 0.140498 0.576749
5 0.491720 0.520670 0.136253 0.197763 0.576056
1 0.877746 0.724723 0.135616 0.205541 0.552959
0 0.686865 0.569697 0.021508 0.111277 0.516735
0 0.690344 0.570748 0.023030 0.117306 0.507213
0 0.011503 0.625995 0.022856 0.148024 0.415217
9 0.394402 0.362231 0.012561 0.051246 0.366554
0 0.561821 0.571764 0.018139 0.108858 0.358748
9 0.603853 0.456677 0.010992 0.039939 0.328784
0 0.110541 0.592140 0.024758 0.147650 0.306071
0 0.668501 0.561866 0.015608 0.056470 0.299558
0 0.694454 0.571915 0.025610 0.124457 0.298079
