2 0.916461 0.575037 0.166121 0.115501 0.871640
2 0.031941 0.651967 0.063365 0.229713 0.847106
2 0.657287 0.555709 0.087113 0.082119 0.843933
2 0.806848 0.550725 0.129643 0.101821 0.833627
2 0.099711 0.548629 0.129225 0.115146 0.771077
2 0.732486 0.544489 0.076489 0.087324 0.685590
7 0.531249 0.575539 0.144287 0.206485 0.567864
7 0.333464 0.564324 0.118929 0.176385 0.551901
2 0.421591 0.530235 0.035197 0.040665 0.527645
2 0.530675 0.575849 0.145106 0.209881 0.522074
9 0.041008 0.349151 0.020889 0.069287 0.503897
2 0.943004 0.864673 0.112796 0.251093 0.449783
2 0.613189 0.541184 0.039411 0.065361 0.424118
2 0.333562 0.564206 0.117388 0.176986 0.420829
7 0.270575 0.514162 0.063146 0.109360 0.324065
2 0.041247 0.547630 0.041554 0.047467 0.289149
9 0.519378 0.438793 0.010244 0.024659 0.272113
