2 0.352059 0.502387 0.057915 0.088276 0.836827
2 0.249388 0.486259 0.047353 0.056915 0.823197
0 0.769433 0.571356 0.078133 0.416562 0.805442
0 0.846406 0.510357 0.068028 0.303983 0.789071
0 0.688633 0.509955 0.042915 0.207234 0.770090
0 0.589660 0.474943 0.028022 0.165956 0.742453
2 0.195613 0.479419 0.047905 0.061028 0.738747
0 0.726983 0.495263 0.038723 0.204913 0.660748
0 0.460166 0.506617 0.027124 0.113671 0.613087
0 0.819723 0.534155 0.056450 0.306204 0.590132
0 0.564947 0.482279 0.023472 0.129483 0.563417
2 0.114972 0.468748 0.031293 0.029709 0.545618
2 0.044392 0.471222 0.052258 0.042941 0.462375
2 0.015080 0.500431 0.029829 0.089233 0.406647
0 0.488771 0.484444 0.022372 0.121236 0.393794
2 0.279217 0.472840 0.021573 0.040819 0.383958
26 0.849732 0.472423 0.051036 0.129577 0.356518
0 0.304410 0.473072 0.013162 0.057064 0.326177
26 0.862841 0.508152 0.024028 0.057470 0.298069
