2 0.557444 0.540587 0.129703 0.209102 0.871923
9 0.506953 0.110143 0.014480 0.072771 0.792634
2 0.395277 0.525229 0.075497 0.107357 0.766297
2 0.627262 0.501538 0.048234 0.081822 0.686718
2 0.468431 0.505086 0.023672 0.051403 0.595200
2 0.487198 0.502547 0.025868 0.041505 0.558937
2 0.453107 0.505895 0.025443 0.060704 0.518477
2 0.228859 0.528548 0.050419 0.054503 0.511547
2 0.436604 0.511261 0.029525 0.076562 0.440543
2 0.138459 0.533979 0.061912 0.089734 0.397115
9 0.720460 0.240484 0.011790 0.058085 0.359266
2 0.461133 0.505702 0.026245 0.056002 0.268640
5 0.875947 0.393432 0.246986 0.313197 0.265474
