2 0.698975 0.486402 0.099371 0.089671 0.892384
2 0.893065 0.516366 0.194487 0.168531 0.858521
2 0.471440 0.454210 0.045840 0.060150 0.822802
2 0.623642 0.474570 0.063293 0.066878 0.788160
2 0.559068 0.459292 0.039089 0.057864 0.771055
2 0.442022 0.442372 0.018878 0.023774 0.486282
2 0.533208 0.454842 0.021528 0.051993 0.475372
2 0.516209 0.453366 0.024565 0.046686 0.429847
2 0.499440 0.847991 0.993622 0.280426 0.373880
7 0.244544 0.429385 0.045880 0.059744 0.284912
2 0.406178 0.448677 0.014737 0.018252 0.268025
