2 0.864065 0.517534 0.270972 0.564378 0.874806
2 0.678633 0.504094 0.098864 0.170009 0.763435
2 0.021562 0.454817 0.042924 0.113725 0.676780
2 0.740654 0.464949 0.077445 0.110500 0.574873
2 0.094316 0.446539 0.110707 0.113366 0.539048
2 0.108786 0.450325 0.148028 0.121954 0.479237
7 0.469296 0.554398 0.401935 0.480302 0.421224
2 0.288093 0.436965 0.037308 0.051232 0.376205
2 0.469994 0.551915 0.402895 0.473986 0.347088
2 0.277225 0.429188 0.051356 0.054435 0.261400
9 0.283948 0.117011 0.028925 0.130952 0.251272
