2 0.062801 0.565299 0.124945 0.228317 0.934915
7 0.590951 0.524157 0.270777 0.473539 0.896439
2 0.196193 0.516127 0.157790 0.158295 0.890501
2 0.852802 0.610451 0.214380 0.236890 0.881993
2 0.343723 0.482553 0.038892 0.045535 0.813670
2 0.745804 0.544704 0.125721 0.164483 0.735316
2 0.923735 0.697549 0.151528 0.582902 0.600543
2 0.419441 0.479864 0.036343 0.048922 0.505175
9 0.522510 0.293194 0.008788 0.032978 0.390976
2 0.392855 0.479224 0.031023 0.043619 0.353681
2 0.406990 0.479409 0.059379 0.047131 0.313854
