2 0.054609 0.552283 0.083298 0.070190 0.815112
2 0.465496 0.573873 0.054768 0.075726 0.693843
2 0.239946 0.577503 0.173142 0.187596 0.678688
5 0.739447 0.589347 0.139778 0.232268 0.666698
0 0.962463 0.630536 0.023945 0.141581 0.642548
2 0.360618 0.578687 0.049755 0.064698 0.627366
2 0.623454 0.592622 0.045506 0.053564 0.622367
2 0.534487 0.584421 0.032871 0.042759 0.554145
0 0.916972 0.621753 0.029542 0.147807 0.553316
0 0.940196 0.631889 0.027232 0.142280 0.536817
7 0.739394 0.589662 0.139575 0.234603 0.532901
2 0.579414 0.575678 0.033804 0.029843 0.518495
2 0.397146 0.566425 0.057871 0.060089 0.391778
0 0.824313 0.598999 0.015777 0.085098 0.383768
9 0.150141 0.092826 0.087484 0.181332 0.383518
2 0.506652 0.561707 0.023001 0.030622 0.351030
9 0.165346 0.093617 0.057084 0.175814 0.344271
