2 0.389152 0.524956 0.329722 0.344226 0.903509
2 0.184330 0.455892 0.141675 0.187047 0.890654
2 0.954990 0.516387 0.089183 0.127824 0.808921
9 0.753378 0.049801 0.018341 0.083672 0.752235
2 0.521864 0.430689 0.039777 0.058636 0.747452
2 0.662208 0.435611 0.038552 0.055556 0.740672
2 0.625638 0.438793 0.042194 0.061648 0.636748
9 0.465568 0.149853 0.012940 0.064605 0.481731
9 0.132998 0.286573 0.012591 0.052229 0.465627
2 0.573860 0.425762 0.026223 0.055860 0.459524
2 0.555090 0.426288 0.016478 0.041392 0.393341
9 0.749317 0.289809 0.025178 0.051781 0.370798
9 0.454387 0.146747 0.017765 0.059645 0.252653
