2 0.378514 0.509211 0.124685 0.149312 0.902426
2 0.070549 0.575818 0.141099 0.285887 0.894571
2 0.232230 0.550163 0.217124 0.205296 0.881396
2 0.750086 0.479456 0.061139 0.081204 0.853893
2 0.974039 0.527524 0.051373 0.145612 0.735871
2 0.520696 0.482081 0.054210 0.086084 0.660696
2 0.448095 0.474826 0.102318 0.152288 0.648374
2 0.908916 0.491412 0.121539 0.160487 0.560142
2 0.574894 0.476882 0.030471 0.056678 0.491949
2 0.606789 0.469629 0.025963 0.037666 0.441589
2 0.569139 0.478082 0.034663 0.060010 0.422673
2 0.816806 0.483782 0.047555 0.069027 0.403249
2 0.803718 0.475445 0.047388 0.064821 0.402218
2 0.822531 0.491585 0.046227 0.080125 0.385465
2 0.551710 0.477954 0.038997 0.066172 0.385356
2 0.545547 0.478164 0.051750 0.073284 0.363073
2 0.531788 0.479745 0.074571 0.079576 0.296883
2 0.599568 0.474140 0.025526 0.043373 0.252702
