2 0.595281 0.491145 0.392794 0.361614 0.907572
2 0.061145 0.631530 0.121434 0.311459 0.905943
2 0.502060 0.821090 0.986608 0.338290 0.860645
2 0.437558 0.295479 0.078062 0.058900 0.768658
7 0.799751 0.336592 0.109908 0.136821 0.730652
1 0.977810 0.373538 0.043158 0.098653 0.708149
0 0.932074 0.325006 0.032533 0.141166 0.692732
7 0.610928 0.270440 0.113533 0.088243 0.568400
0 0.352782 0.299055 0.015819 0.072818 0.433629
2 0.516074 0.277224 0.068929 0.047077 0.382554
2 0.513155 0.309694 0.120839 0.095814 0.309341
