2 0.411927 0.431630 0.400298 0.417026 0.920157
2 0.747784 0.341410 0.268339 0.316169 0.912451
0 0.950382 0.238261 0.037516 0.145286 0.802202
58 0.089619 0.296702 0.036663 0.073995 0.660557
7 0.467253 0.142449 0.134342 0.229292 0.660411
58 0.962784 0.326659 0.073680 0.224891 0.656456
58 0.161603 0.274486 0.026996 0.078117 0.643185
0 0.856277 0.234116 0.031506 0.099370 0.530211
2 0.430060 0.800035 0.856602 0.355130 0.523932
2 0.548301 0.247762 0.033105 0.068862 0.516557
0 0.593847 0.244096 0.013366 0.055781 0.401841
0 0.134686 0.266677 0.015139 0.067697 0.344034
2 0.294822 0.763129 0.581468 0.286777 0.317631
58 0.090897 0.285406 0.040341 0.096910 0.286070
