2 0.054762 0.503930 0.109058 0.175926 0.915026
2 0.219552 0.487301 0.135560 0.150204 0.907216
2 0.656873 0.491870 0.162719 0.196671 0.893178
2 0.565146 0.451516 0.092505 0.115661 0.792139
2 0.840365 0.551375 0.318083 0.446602 0.773081
2 0.148702 0.472106 0.097300 0.118709 0.749930
2 0.314573 0.427009 0.035053 0.057789 0.730842
2 0.487964 0.423811 0.034380 0.059872 0.675281
2 0.516534 0.436387 0.052372 0.088670 0.673004
2 0.284392 0.439209 0.050472 0.061222 0.626512
2 0.362949 0.420838 0.016870 0.028453 0.461160
2 0.336559 0.430177 0.018767 0.033114 0.447291
2 0.346175 0.426843 0.020944 0.033188 0.429143
2 0.133631 0.472854 0.066270 0.117382 0.289321
2 0.463007 0.419755 0.024352 0.046099 0.281234
2 0.442014 0.422173 0.014608 0.020883 0.270395
