2 0.335893 0.357202 0.084888 0.124847 0.844079
2 0.520350 0.343799 0.042535 0.064615 0.547593
2 0.385543 0.339531 0.036161 0.056695 0.545880
2 0.605791 0.359760 0.116763 0.155572 0.527630
2 0.498705 0.804944 0.996874 0.381290 0.490715
2 0.239567 0.349153 0.025571 0.021961 0.456109
2 0.418168 0.329700 0.026271 0.044418 0.439441
2 0.200874 0.352444 0.029196 0.027305 0.392984
2 0.173807 0.356947 0.023816 0.036371 0.369769
2 0.470628 0.335991 0.026233 0.036216 0.322880
2 0.418491 0.323175 0.028900 0.053999 0.284507
