2 0.707921 0.469063 0.242962 0.241987 0.911733
2 0.434462 0.465178 0.088124 0.126497 0.911542
2 0.926936 0.688651 0.144943 0.288261 0.888602
7 0.205809 0.383289 0.244090 0.360602 0.872814
0 0.244359 0.455170 0.082908 0.273778 0.820957
2 0.018493 0.542220 0.036251 0.141053 0.752023
1 0.240615 0.570445 0.062347 0.185899 0.684325
7 0.369545 0.402614 0.075733 0.157829 0.645473
0 0.564574 0.442447 0.029190 0.101156 0.571191
0 0.025055 0.443196 0.025460 0.108878 0.433859
10 0.850569 0.520496 0.029073 0.108970 0.330247
2 0.501141 0.882077 0.992916 0.197746 0.305584
