0 0.656073 0.691310 0.104998 0.359937 0.879566
2 0.735139 0.639496 0.078698 0.078000 0.845969
0 0.480732 0.628090 0.093172 0.288519 0.837216
0 0.203830 0.588525 0.082333 0.266280 0.837039
16 0.552807 0.735688 0.118392 0.135653 0.777647
0 0.781398 0.643838 0.020670 0.088819 0.634444
0 0.119347 0.491677 0.019127 0.089954 0.549758
9 0.193268 0.348418 0.019125 0.062515 0.509479
0 0.595621 0.593235 0.022647 0.098132 0.483922
9 0.792495 0.298844 0.021820 0.074638 0.464186
0 0.800004 0.645448 0.016977 0.079672 0.446376
2 0.543079 0.558434 0.027446 0.047012 0.402782
0 0.079344 0.484552 0.020479 0.089192 0.369381
9 0.174526 0.396385 0.022860 0.035181 0.333761
