2 0.317664 0.700068 0.141359 0.170297 0.861019
2 0.227538 0.682764 0.148083 0.178847 0.859944
2 0.514474 0.669179 0.056818 0.092479 0.827616
2 0.424412 0.688349 0.062172 0.073975 0.803970
2 0.573827 0.672073 0.041373 0.059943 0.703838
1 0.733212 0.730932 0.065462 0.098478 0.684507
2 0.467387 0.672017 0.043406 0.054142 0.567949
0 0.761291 0.676929 0.019472 0.087320 0.355788
0 0.653547 0.672928 0.018815 0.087811 0.336383
0 0.633296 0.658598 0.016321 0.064448 0.317554
1 0.735870 0.743807 0.060022 0.073537 0.259220
