2 0.285303 0.563178 0.107385 0.110105 0.853839
2 0.611902 0.537091 0.045672 0.063926 0.809133
2 0.390579 0.551743 0.086495 0.090083 0.755058
9 0.478878 0.136117 0.021710 0.081866 0.661992
9 0.456502 0.135264 0.024803 0.090307 0.643570
2 0.981156 0.523929 0.036987 0.109308 0.609426
2 0.439241 0.533780 0.053050 0.089219 0.587249
2 0.067088 0.548692 0.083859 0.056681 0.523315
2 0.135011 0.546179 0.052482 0.053280 0.473388
2 0.196039 0.544245 0.055253 0.045635 0.449481
2 0.145567 0.544716 0.074921 0.051949 0.431996
2 0.352300 0.543489 0.044946 0.071214 0.407249
2 0.033467 0.558393 0.066729 0.069560 0.404359
2 0.873649 0.478811 0.090057 0.079607 0.397162
2 0.505173 0.527587 0.038563 0.053285 0.393989
2 0.013524 0.564340 0.027047 0.060690 0.362583
9 0.677879 0.406424 0.017621 0.061117 0.316374
2 0.968342 0.466480 0.063316 0.103126 0.300541
2 0.036944 0.548983 0.066889 0.058081 0.300408
2 0.121555 0.549317 0.076289 0.054058 0.293988
2 0.494763 0.529524 0.057252 0.056232 0.290616
2 0.971387 0.480595 0.057226 0.074334 0.265654
2 0.977796 0.501487 0.043869 0.143806 0.252101
