2 0.187139 0.489509 0.131595 0.118903 0.872823
2 0.645098 0.459214 0.117334 0.149571 0.854148
2 0.581753 0.451095 0.054666 0.113734 0.636721
2 0.449882 0.446615 0.035029 0.050066 0.626909
0 0.102622 0.488004 0.058839 0.233076 0.522090
2 0.373846 0.449862 0.026590 0.037989 0.513834
2 0.347245 0.453436 0.033660 0.041014 0.504096
2 0.314313 0.461155 0.031717 0.067822 0.450880
2 0.259051 0.465696 0.090381 0.105412 0.427813
2 0.291616 0.466977 0.036259 0.064797 0.390100
0 0.086224 0.484107 0.034804 0.232213 0.373051
0 0.093156 0.484642 0.050008 0.231744 0.359816
2 0.484572 0.441960 0.027555 0.050846 0.319369
2 0.521752 0.453597 0.020676 0.055350 0.271346
