7 0.284926 0.299491 0.235046 0.485227 0.942817
2 0.870931 0.453309 0.232115 0.221601 0.931610
0 0.984326 0.415532 0.024535 0.120052 0.662651
0 0.640864 0.415700 0.015864 0.101766 0.523501
0 0.642969 0.422171 0.018309 0.112996 0.491216
2 0.432889 0.407274 0.030715 0.045254 0.476176
9 0.504847 0.127210 0.013006 0.059741 0.438801
0 0.656100 0.421393 0.015184 0.096885 0.422303
2 0.499098 0.829991 0.994991 0.298126 0.377466
0 0.163940 0.426304 0.029911 0.132452 0.356458
7 0.510002 0.388732 0.074908 0.110099 0.344592
9 0.490864 0.132348 0.012711 0.056701 0.325521
0 0.158935 0.421481 0.023420 0.121377 0.289999
0 0.606137 0.409651 0.022080 0.079055 0.265822
