2 0.383384 0.568720 0.035894 0.048441 0.712491
0 0.778924 0.551325 0.040947 0.174157 0.686986
2 0.312754 0.575366 0.017383 0.023675 0.431757
0 0.643682 0.557202 0.023638 0.114278 0.422283
0 0.562803 0.556663 0.014466 0.067365 0.391178
0 0.674385 0.558565 0.030358 0.096135 0.372121
0 0.595943 0.552075 0.026055 0.100837 0.366215
2 0.236269 0.573823 0.024492 0.023335 0.341123
0 0.735292 0.565379 0.034435 0.166978 0.323802
0 0.723382 0.564594 0.037059 0.168064 0.316722
2 0.338511 0.566116 0.031034 0.035937 0.306315
