2 0.072610 0.585108 0.145106 0.150119 0.913459
7 0.893091 0.598461 0.212359 0.288278 0.741567
7 0.344808 0.535732 0.088573 0.100044 0.577042
2 0.552368 0.540389 0.026616 0.050313 0.558020
2 0.740425 0.587152 0.106335 0.111966 0.505386
2 0.466179 0.556858 0.032260 0.034848 0.488429
2 0.668450 0.560095 0.105775 0.081419 0.472165
2 0.608222 0.556398 0.021278 0.035861 0.458355
2 0.399846 0.562146 0.040880 0.033318 0.456042
7 0.289947 0.552309 0.044058 0.075740 0.417184
2 0.289553 0.552475 0.045188 0.075147 0.414386
2 0.728672 0.578536 0.081214 0.097430 0.385765
2 0.601810 0.554899 0.030749 0.034423 0.349442
