2 0.122186 0.469825 0.092452 0.102999 0.918726
2 0.180403 0.447265 0.055407 0.077151 0.790479
2 0.804776 0.318517 0.063043 0.032373 0.668123
2 0.210043 0.447542 0.022938 0.055909 0.591262
2 0.973595 0.773200 0.051586 0.412812 0.583008
2 0.338395 0.454579 0.068922 0.113039 0.532261
2 0.227554 0.446498 0.016791 0.037502 0.514076
2 0.239924 0.443218 0.022469 0.033738 0.501297
7 0.337738 0.454047 0.068221 0.113391 0.376810
2 0.498384 0.825403 0.994009 0.316237 0.333820
2 0.258596 0.442048 0.017943 0.025612 0.281122
7 0.302927 0.344865 0.068842 0.075713 0.253578
