5 0.674117 0.467263 0.442126 0.686689 0.952257
2 0.093756 0.742498 0.186819 0.362909 0.905891
0 0.327035 0.652356 0.050539 0.269208 0.823656
0 0.979275 0.660892 0.040954 0.282201 0.817887
2 0.418906 0.613733 0.063916 0.091757 0.785561
0 0.904641 0.604353 0.020616 0.143203 0.612684
9 0.141013 0.285684 0.018467 0.075398 0.541751
9 0.121783 0.284979 0.022271 0.073436 0.475749
9 0.129898 0.457822 0.013422 0.044220 0.449183
0 0.913706 0.603054 0.038825 0.147658 0.429653
0 0.921426 0.603082 0.025880 0.149729 0.403655
0 0.953519 0.591861 0.025433 0.140826 0.393678
2 0.355458 0.622230 0.022285 0.048529 0.296009
0 0.931568 0.586402 0.025994 0.124876 0.257257
