2 0.073753 0.716572 0.147339 0.349244 0.852245
2 0.268155 0.551900 0.035197 0.027814 0.563901
2 0.347744 0.549436 0.024977 0.023846 0.560688
2 0.416708 0.574432 0.070902 0.111283 0.528065
2 0.231891 0.552262 0.025699 0.035416 0.509835
2 0.182085 0.550968 0.033386 0.053046 0.506332
2 0.153037 0.559769 0.032528 0.043171 0.463564
2 0.308548 0.547837 0.044483 0.029621 0.406404
9 0.229539 0.197715 0.015168 0.059113 0.383319
2 0.212991 0.554025 0.023207 0.037102 0.372296
1 0.619303 0.591121 0.070166 0.092265 0.333368
2 0.148382 0.563784 0.032428 0.044368 0.283205
2 0.069020 0.544104 0.084928 0.099283 0.268970
7 0.068713 0.541331 0.083836 0.096638 0.264460
1 0.610548 0.581110 0.087401 0.112728 0.257983
