0 0.804130 0.558984 0.076012 0.356560 0.818087
1 0.712674 0.578498 0.088850 0.176702 0.772411
2 0.298364 0.704758 0.306246 0.506076 0.732148
1 0.653720 0.566540 0.065641 0.144430 0.647061
1 0.937185 0.607052 0.051238 0.250464 0.576693
1 0.598848 0.558886 0.036059 0.110204 0.449576
1 0.622801 0.564345 0.038478 0.128126 0.449169
1 0.565004 0.559171 0.039826 0.103596 0.433474
1 0.517284 0.552371 0.043436 0.082640 0.419649
1 0.604818 0.559952 0.046620 0.119594 0.339994
1 0.574332 0.558541 0.054216 0.108501 0.339714
9 0.405974 0.444882 0.027528 0.047646 0.307478
1 0.641047 0.567306 0.063299 0.141712 0.306738
1 0.616264 0.560332 0.043160 0.124807 0.272445
2 0.482812 0.514936 0.028127 0.046416 0.259142
