2 0.102764 0.521340 0.204373 0.485947 0.916056
2 0.767691 0.581965 0.247859 0.239962 0.891561
2 0.294858 0.487223 0.107639 0.120024 0.874930
2 0.540297 0.488401 0.055089 0.082396 0.854814
2 0.639761 0.518965 0.140024 0.178493 0.854653
2 0.899989 0.655746 0.198978 0.369991 0.820535
2 0.392699 0.467649 0.038058 0.049170 0.762310
2 0.507593 0.473757 0.030889 0.057068 0.663940
2 0.486597 0.457735 0.023009 0.037220 0.625123
2 0.416043 0.456371 0.023543 0.040111 0.446186
2 0.528301 0.902416 0.063622 0.074043 0.347232
2 0.462726 0.452986 0.017786 0.032343 0.324126
