2 0.179134 0.618272 0.207276 0.245851 0.894037
2 0.063449 0.687848 0.126898 0.358097 0.830898
2 0.272229 0.558800 0.111853 0.177899 0.817545
2 0.593262 0.513209 0.081437 0.107576 0.816339
2 0.405985 0.527115 0.049922 0.062052 0.720636
2 0.816698 0.576166 0.337710 0.350259 0.603022
2 0.436189 0.510655 0.033552 0.049090 0.599711
2 0.341414 0.536125 0.070076 0.123100 0.504416
2 0.935122 0.693307 0.129110 0.419573 0.490871
0 0.018253 0.448639 0.035993 0.168090 0.488956
9 0.154713 0.209949 0.025398 0.089861 0.341141
