2 0.335438 0.543576 0.083140 0.109026 0.892367
2 0.147977 0.557864 0.087107 0.086186 0.749979
5 0.468750 0.482879 0.102766 0.199042 0.722486
2 0.060127 0.564528 0.110606 0.108332 0.635723
2 0.987144 0.482304 0.024834 0.069014 0.629016
9 0.318560 0.224341 0.019876 0.081702 0.574421
2 0.382398 0.516486 0.029112 0.032808 0.558709
2 0.408680 0.512182 0.029058 0.047999 0.459017
2 0.955868 0.453254 0.088265 0.109912 0.413277
9 0.711861 0.343464 0.013930 0.087803 0.390178
7 0.946008 0.408787 0.107378 0.171887 0.362627
2 0.217766 0.535705 0.056839 0.076102 0.250771
