2 0.174075 0.675227 0.259347 0.252894 0.913783
5 0.614152 0.524770 0.205205 0.302271 0.866946
7 0.079940 0.575487 0.159133 0.303688 0.841088
5 0.466914 0.536837 0.063710 0.129069 0.785723
2 0.392453 0.587363 0.074167 0.120425 0.698438
2 0.318978 0.571379 0.043317 0.069824 0.664563
0 0.767557 0.589691 0.023665 0.110190 0.663546
0 0.811539 0.588974 0.031205 0.160356 0.619677
7 0.373825 0.516577 0.083741 0.172413 0.570566
0 0.787537 0.587524 0.023995 0.147584 0.553346
0 0.736880 0.588709 0.021485 0.122181 0.530802
9 0.307865 0.423234 0.010334 0.035941 0.509496
0 0.719583 0.581472 0.016815 0.121795 0.483214
0 0.739254 0.595111 0.016943 0.110551 0.434252
0 0.748978 0.596100 0.015669 0.102841 0.387829
2 0.349128 0.578304 0.027210 0.064903 0.345309
9 0.287571 0.354562 0.020658 0.062624 0.311289
5 0.980458 0.511680 0.038592 0.387647 0.296988
2 0.610172 0.951555 0.260232 0.089142 0.264777
