2 0.102317 0.602681 0.203463 0.539268 0.923652
2 0.349079 0.519735 0.154534 0.172968 0.903557
2 0.211499 0.504472 0.145921 0.163943 0.895724
2 0.963739 0.470488 0.072091 0.092102 0.795642
2 0.792017 0.470283 0.052246 0.058230 0.775342
2 0.447116 0.481630 0.049010 0.086045 0.764031
7 0.573131 0.501760 0.223480 0.362368 0.744705
2 0.978083 0.503710 0.043207 0.099436 0.665989
2 0.690213 0.465036 0.024342 0.043811 0.611098
2 0.827962 0.462863 0.031623 0.054814 0.506571
2 0.131083 0.453779 0.051074 0.073866 0.346976
0 0.867919 0.459491 0.013655 0.055485 0.341611
0 0.893552 0.446812 0.013446 0.051755 0.337094
2 0.101749 0.454486 0.070780 0.078189 0.289107
