2 0.075193 0.461206 0.150385 0.097292 0.893505
2 0.641994 0.457027 0.046971 0.084912 0.675005
0 0.973701 0.467880 0.021757 0.108903 0.644215
0 0.798910 0.476224 0.014908 0.084653 0.640948
0 0.939318 0.481576 0.017939 0.076473 0.568967
0 0.812259 0.472795 0.017476 0.093629 0.515227
7 0.434307 0.482541 0.398249 0.471653 0.488804
2 0.434815 0.483322 0.398590 0.476642 0.448375
9 0.700549 0.156165 0.016232 0.059158 0.384694
0 0.911797 0.470062 0.020975 0.097279 0.376282
0 0.036616 0.393901 0.013666 0.043189 0.342985
9 0.703807 0.155635 0.021735 0.061945 0.340808
0 0.877375 0.469257 0.018282 0.096973 0.303716
0 0.808990 0.477314 0.019759 0.083763 0.280595
