2 0.873366 0.592341 0.252487 0.607218 0.839691
2 0.767676 0.501587 0.264624 0.328496 0.829762
2 0.165823 0.487682 0.079827 0.066071 0.701021
2 0.592485 0.486412 0.091786 0.098738 0.698336
2 0.346187 0.466715 0.046166 0.062304 0.629688
2 0.154216 0.490899 0.055300 0.067562 0.615993
2 0.417786 0.465717 0.041112 0.061318 0.613459
2 0.219223 0.482865 0.039472 0.054405 0.466187
2 0.245776 0.478742 0.041220 0.051871 0.457384
2 0.541417 0.467402 0.037104 0.069354 0.453584
2 0.388737 0.462061 0.022068 0.032070 0.417435
2 0.212603 0.482902 0.037244 0.055253 0.410507
2 0.212254 0.483707 0.026544 0.053532 0.333190
2 0.254057 0.479011 0.026268 0.049959 0.321711
2 0.234684 0.481575 0.041444 0.053369 0.318579
2 0.228471 0.482477 0.026593 0.051923 0.299156
2 0.178058 0.483270 0.058710 0.063518 0.279441
2 0.492795 0.466063 0.027480 0.041782 0.251237
