2 0.512928 0.512652 0.145464 0.207205 0.856898
2 0.690115 0.475245 0.112475 0.144847 0.827806
2 0.352697 0.505698 0.088991 0.190315 0.731725
2 0.395072 0.481740 0.060294 0.134288 0.657759
7 0.226619 0.494294 0.193659 0.341847 0.633417
2 0.617158 0.461871 0.037729 0.074467 0.563549
2 0.589414 0.450675 0.028904 0.054693 0.502207
2 0.635647 0.469349 0.033735 0.093596 0.483455
2 0.425010 0.470230 0.039625 0.097910 0.467941
2 0.444721 0.464060 0.038165 0.081934 0.434340
2 0.446105 0.446790 0.033575 0.050285 0.432573
2 0.624018 0.464571 0.036252 0.079321 0.353959
2 0.438447 0.461392 0.045937 0.083986 0.258351
