2 0.293061 0.631672 0.436674 0.377576 0.923602
2 0.830630 0.600032 0.100819 0.106715 0.877606
2 0.698191 0.567908 0.081515 0.113931 0.793429
2 0.518305 0.582518 0.126135 0.207158 0.778587
2 0.947872 0.635119 0.103387 0.150583 0.722437
0 0.052654 0.495956 0.035215 0.165282 0.673536
2 0.906058 0.580557 0.085664 0.107035 0.667912
2 0.782069 0.561496 0.059367 0.066485 0.633786
0 0.022512 0.498616 0.030159 0.134313 0.628589
2 0.593815 0.547554 0.042034 0.044324 0.588127
0 0.506823 0.907708 0.044354 0.063279 0.463474
0 0.565851 0.896028 0.036171 0.098094 0.400131
2 0.357067 0.902735 0.710386 0.183945 0.336282
