2 0.756763 0.723423 0.195249 0.221628 0.907385
2 0.888111 0.772262 0.222890 0.414900 0.879154
2 0.122524 0.709715 0.243933 0.274397 0.872253
2 0.290316 0.677575 0.113096 0.123308 0.823141
2 0.650445 0.686860 0.092079 0.132766 0.746041
2 0.552595 0.653739 0.044607 0.062243 0.731489
2 0.419824 0.653855 0.052022 0.067442 0.575097
2 0.351080 0.663278 0.053520 0.087309 0.460039
2 0.474267 0.634546 0.020212 0.025702 0.400327
2 0.521595 0.644824 0.025599 0.041236 0.397278
2 0.369328 0.655857 0.038582 0.081562 0.339978
2 0.378275 0.653106 0.032536 0.072244 0.335061
2 0.359475 0.661376 0.043021 0.087660 0.305540
