2 0.871665 0.556779 0.254879 0.224375 0.788417
2 0.209933 0.515553 0.096325 0.108837 0.756482
2 0.324857 0.495616 0.054958 0.073547 0.715190
2 0.724649 0.515506 0.155947 0.079896 0.709658
2 0.934496 0.630215 0.129936 0.273491 0.707298
2 0.630965 0.495976 0.078839 0.064970 0.571915
2 0.521785 0.489949 0.025042 0.035131 0.557006
2 0.284795 0.514551 0.059659 0.049378 0.460620
2 0.355486 0.497442 0.028876 0.052648 0.456102
2 0.376137 0.495527 0.023772 0.040798 0.441866
2 0.551956 0.486957 0.024462 0.027621 0.433981
2 0.580451 0.493728 0.033932 0.045989 0.401268
2 0.587911 0.493509 0.047698 0.048872 0.400800
2 0.401559 0.493674 0.020064 0.031414 0.356825
2 0.436791 0.490571 0.024180 0.026016 0.306187
2 0.169015 0.524715 0.043188 0.113608 0.295324
2 0.441778 0.489024 0.031070 0.025675 0.284849
2 0.396708 0.494280 0.026624 0.036356 0.250509
