2 0.955475 0.550774 0.088977 0.211666 0.866304
2 0.042673 0.543833 0.085278 0.134520 0.851139
2 0.671799 0.552784 0.125190 0.218607 0.721705
2 0.868844 0.528306 0.137723 0.175732 0.710103
2 0.583440 0.500234 0.055790 0.062493 0.686627
2 0.774950 0.590085 0.185884 0.212492 0.603981
2 0.958467 0.464627 0.078710 0.078712 0.601956
2 0.256256 0.516342 0.039040 0.061344 0.475875
2 0.286195 0.512772 0.029978 0.055717 0.378840
2 0.546225 0.504183 0.018683 0.036853 0.359225
2 0.311469 0.516345 0.024741 0.043054 0.315036
3 0.794316 0.620903 0.146912 0.175415 0.285117
2 0.513784 0.495494 0.033005 0.058676 0.270154
9 0.909693 0.377527 0.029221 0.034408 0.264172
