2 0.939832 0.585161 0.119750 0.301119 0.872246
2 0.846783 0.477113 0.234151 0.207074 0.867721
2 0.135977 0.515524 0.244491 0.351599 0.859039
2 0.454059 0.559194 0.449017 0.663440 0.725584
0 0.736635 0.382044 0.021009 0.104432 0.619634
0 0.704332 0.368938 0.019322 0.089723 0.520613
0 0.718453 0.371463 0.014242 0.082753 0.380972
9 0.234594 0.234334 0.013266 0.051939 0.370452
2 0.650177 0.375602 0.033324 0.079326 0.368516
0 0.689155 0.394063 0.026315 0.137817 0.295802
9 0.301179 0.172175 0.012202 0.038751 0.278087
0 0.751171 0.366298 0.016913 0.081903 0.252061
