2 0.589054 0.480487 0.129531 0.171816 0.897922
2 0.480881 0.459976 0.041974 0.067242 0.720708
2 0.871240 0.556391 0.255836 0.548715 0.693727
2 0.532642 0.457839 0.082239 0.137868 0.668781
2 0.210931 0.471869 0.086257 0.084309 0.585484
2 0.358531 0.442133 0.024766 0.032057 0.500617
2 0.445513 0.443382 0.020857 0.031061 0.378153
2 0.333470 0.446059 0.017536 0.025709 0.347825
2 0.410522 0.446859 0.019389 0.024231 0.331032
2 0.228084 0.470071 0.051430 0.081862 0.317996
2 0.388251 0.444278 0.024944 0.023055 0.309635
2 0.384527 0.443374 0.023119 0.023628 0.305094
2 0.234420 0.467342 0.039507 0.075711 0.272463
