2 0.358844 0.642126 0.165374 0.268909 0.910865
2 0.065247 0.633327 0.130493 0.161253 0.863087
2 0.152489 0.616103 0.078557 0.104728 0.839001
0 0.861979 0.587692 0.036327 0.191514 0.803096
0 0.909994 0.593824 0.054091 0.228521 0.798537
0 0.822873 0.581169 0.041088 0.181740 0.775197
2 0.278037 0.572052 0.038771 0.070311 0.721769
2 0.534064 0.594409 0.134414 0.203494 0.622876
2 0.217725 0.587256 0.059825 0.057538 0.502720
7 0.505791 0.495157 0.115428 0.224924 0.298597
2 0.222314 0.580646 0.068719 0.048888 0.261436
