2 0.910751 0.586061 0.177499 0.252588 0.916733
2 0.495024 0.478575 0.154705 0.112786 0.854381
7 0.075064 0.401807 0.149830 0.225576 0.833573
2 0.297627 0.445883 0.054458 0.068322 0.815281
2 0.184730 0.421011 0.082458 0.106083 0.799298
2 0.379426 0.452062 0.039843 0.057915 0.789987
2 0.327454 0.440207 0.022919 0.044927 0.687291
2 0.499052 0.852090 0.993279 0.276720 0.499936
2 0.254663 0.427119 0.031933 0.057761 0.477589
2 0.230289 0.433207 0.025909 0.062114 0.466221
7 0.282810 0.401984 0.038482 0.078236 0.414541
2 0.410290 0.450426 0.022110 0.034499 0.341025
2 0.435527 0.439015 0.027536 0.029744 0.340627
2 0.357953 0.439214 0.016442 0.037085 0.337001
2 0.435977 0.441042 0.032964 0.036915 0.287379
2 0.250205 0.430289 0.033382 0.059863 0.251050
