2 0.151103 0.390200 0.204645 0.217104 0.826289
2 0.430391 0.361500 0.051017 0.078470 0.809608
2 0.216930 0.360551 0.161150 0.146359 0.759741
2 0.072585 0.397039 0.144428 0.318470 0.735607
7 0.600547 0.327312 0.099827 0.120396 0.674967
7 0.498421 0.330857 0.055947 0.116748 0.594166
2 0.332930 0.361899 0.045663 0.060640 0.546705
2 0.505843 0.836980 0.983672 0.285785 0.533103
2 0.371705 0.358749 0.029198 0.037291 0.447937
2 0.261902 0.350639 0.134103 0.113269 0.387701
2 0.343417 0.362160 0.038521 0.047342 0.325502
2 0.351647 0.358198 0.027540 0.042572 0.306769
2 0.390377 0.355316 0.023200 0.029797 0.305144
2 0.154287 0.367402 0.192124 0.159156 0.284202
9 0.332930 0.260343 0.008761 0.025179 0.268286
2 0.184132 0.437182 0.118969 0.123528 0.264499
2 0.363298 0.359109 0.025870 0.042218 0.250253
