2 0.472882 0.579448 0.168569 0.244460 0.907030
2 0.823886 0.551408 0.231512 0.247134 0.841370
2 0.932557 0.596862 0.133956 0.327282 0.839938
2 0.695388 0.513426 0.118983 0.164872 0.770950
2 0.625569 0.515112 0.057313 0.095252 0.737936
2 0.119265 0.516238 0.053830 0.042465 0.510900
2 0.276071 0.487708 0.032782 0.033643 0.480350
9 0.261015 0.298516 0.015997 0.051616 0.471634
2 0.550247 0.492467 0.043482 0.056702 0.431315
9 0.264253 0.298160 0.016844 0.050103 0.369363
9 0.267391 0.299737 0.010983 0.047311 0.360540
2 0.401807 0.486875 0.026034 0.044087 0.329377
2 0.012268 0.532265 0.024522 0.059687 0.304336
2 0.403653 0.480139 0.022949 0.037279 0.285201
9 0.667456 0.387150 0.012510 0.039067 0.284624
