7 0.722821 0.506464 0.469528 0.576765 0.901040
2 0.311457 0.490332 0.140198 0.189446 0.900720
2 0.966453 0.421865 0.066115 0.103225 0.805880
2 0.037817 0.418019 0.075318 0.103732 0.799716
2 0.101115 0.415245 0.067210 0.070580 0.752307
2 0.201516 0.389042 0.034019 0.046083 0.708523
2 0.160870 0.400178 0.060080 0.060274 0.691288
5 0.398399 0.363037 0.053028 0.085680 0.491455
5 0.957251 0.328182 0.084699 0.101746 0.459967
2 0.222896 0.368254 0.025157 0.027920 0.441610
9 0.398109 0.214593 0.016831 0.043918 0.355370
2 0.346375 0.389744 0.038066 0.058422 0.348841
7 0.399234 0.364012 0.051084 0.086917 0.303476
0 0.483111 0.397582 0.013737 0.075764 0.297143
2 0.300615 0.380742 0.043806 0.035433 0.277847
2 0.269866 0.358373 0.023685 0.026048 0.269833
0 0.485544 0.390738 0.012188 0.066375 0.255457
