2 0.209022 0.540383 0.184493 0.231711 0.839693
2 0.957724 0.421684 0.083762 0.226034 0.817977
0 0.307382 0.515641 0.036340 0.140737 0.667923
0 0.896468 0.368610 0.039361 0.174143 0.651108
2 0.521645 0.475058 0.339661 0.456889 0.600119
0 0.797551 0.394320 0.034567 0.161372 0.572468
0 0.846495 0.374795 0.029550 0.136982 0.554597
0 0.764695 0.377568 0.045384 0.156251 0.495938
0 0.821341 0.379819 0.025074 0.142559 0.460838
2 0.094762 0.557087 0.055641 0.100587 0.421312
0 0.942562 0.363804 0.028562 0.077118 0.387723
0 0.296520 0.511016 0.058797 0.148365 0.359932
0 0.018473 0.488072 0.035386 0.102758 0.352816
2 0.500571 0.803470 0.993017 0.367741 0.341546
2 0.709936 0.448720 0.090227 0.249174 0.337978
0 0.024526 0.556879 0.049051 0.151912 0.332289
0 0.038958 0.604067 0.077916 0.247395 0.314851
0 0.035437 0.541835 0.070821 0.198942 0.261041
