0 0.401870 0.400096 0.043635 0.187777 0.805783
0 0.969884 0.387490 0.036447 0.166005 0.796023
0 0.817100 0.397186 0.027822 0.132973 0.702703
2 0.638242 0.407498 0.056451 0.071277 0.677905
9 0.322884 0.072213 0.027922 0.069109 0.650737
1 0.398148 0.466201 0.023853 0.073420 0.634166
2 0.461396 0.391001 0.041329 0.071399 0.515093
3 0.841029 0.421897 0.042409 0.101541 0.463360
2 0.631042 0.400827 0.063848 0.074387 0.452250
2 0.597006 0.379451 0.034116 0.053472 0.418234
2 0.604837 0.386732 0.022540 0.061143 0.413480
9 0.210349 0.298969 0.017650 0.031966 0.381368
2 0.623257 0.396891 0.050584 0.066918 0.369663
2 0.492364 0.384058 0.019671 0.046291 0.365428
2 0.580419 0.374560 0.020695 0.044390 0.310727
2 0.500082 0.834502 0.994371 0.294550 0.297406
2 0.487170 0.385054 0.027987 0.056529 0.273802
2 0.554493 0.376986 0.016248 0.024493 0.266226
2 0.549398 0.378840 0.019265 0.023079 0.264690
