2 0.498638 0.509551 0.075254 0.096644 0.868245
0 0.814350 0.515503 0.040000 0.174345 0.767632
2 0.183402 0.491900 0.055858 0.076542 0.764383
2 0.233317 0.486768 0.049769 0.052003 0.738422
2 0.947434 0.499581 0.103959 0.172058 0.663602
2 0.438320 0.483930 0.031504 0.063195 0.660111
2 0.126636 0.500956 0.099952 0.109183 0.631293
9 0.531848 0.115213 0.017708 0.084176 0.594593
2 0.310810 0.475552 0.034472 0.050612 0.587493
2 0.370592 0.474500 0.023241 0.027873 0.540222
2 0.410523 0.470630 0.029242 0.048911 0.504146
9 0.510154 0.116616 0.022025 0.084444 0.496174
2 0.458981 0.494823 0.032226 0.080659 0.355643
2 0.335256 0.461375 0.014870 0.024036 0.319904
9 0.516120 0.115943 0.034489 0.085496 0.310993
0 0.554834 0.510850 0.022948 0.073086 0.255646
