2 0.049718 0.569536 0.099313 0.099150 0.852610
2 0.472235 0.546715 0.098164 0.155201 0.809985
2 0.627717 0.536310 0.067840 0.078509 0.717338
2 0.362249 0.546058 0.080332 0.117588 0.670238
2 0.590435 0.524203 0.056171 0.072384 0.636010
2 0.559766 0.533834 0.030631 0.041405 0.452617
7 0.771392 0.480572 0.225147 0.328354 0.434837
2 0.596757 0.529241 0.042817 0.079137 0.403248
2 0.567228 0.525797 0.047622 0.058092 0.348386
2 0.562647 0.527346 0.034073 0.054129 0.347851
5 0.770948 0.479533 0.224605 0.328695 0.330684
2 0.589513 0.530532 0.036644 0.073162 0.311818
