2 0.058215 0.545820 0.115825 0.232476 0.903417
2 0.668491 0.491689 0.095276 0.106075 0.902611
2 0.157226 0.522197 0.206842 0.175809 0.867064
2 0.854854 0.534065 0.289441 0.317006 0.859656
2 0.277590 0.485801 0.114672 0.123687 0.837208
2 0.373986 0.467475 0.055283 0.078532 0.808811
2 0.613071 0.478614 0.046369 0.063857 0.686119
2 0.409773 0.460958 0.033191 0.057505 0.555571
2 0.512384 0.888633 0.972199 0.201502 0.512930
2 0.430576 0.456835 0.017731 0.041054 0.466493
2 0.403011 0.461752 0.030273 0.062536 0.447971
2 0.570349 0.458813 0.034036 0.050951 0.441870
2 0.606188 0.473295 0.062596 0.073712 0.406516
2 0.983282 0.691020 0.032909 0.284019 0.380202
2 0.446375 0.457012 0.021455 0.040193 0.350852
2 0.585480 0.465167 0.026848 0.058382 0.339844
2 0.984892 0.741832 0.029523 0.179108 0.316070
2 0.457222 0.455070 0.027212 0.040893 0.314251
2 0.463001 0.455441 0.026572 0.036386 0.259426
2 0.466587 0.458503 0.019510 0.031030 0.257692
2 0.542524 0.459309 0.015949 0.034012 0.252229
