0 0.167000 0.546360 0.067211 0.196352 0.884050
2 0.790764 0.530150 0.117703 0.181331 0.766807
7 0.371736 0.557528 0.197589 0.201218 0.747114
2 0.706528 0.512433 0.060216 0.119362 0.731823
2 0.884139 0.584291 0.230826 0.322997 0.719671
2 0.572865 0.477888 0.029192 0.041401 0.600951
2 0.573234 0.933955 0.848503 0.108153 0.541915
2 0.871812 0.549687 0.206579 0.251198 0.350261
2 0.764629 0.519387 0.094425 0.156176 0.331799
2 0.605812 0.481425 0.026020 0.038664 0.269608
2 0.515585 0.480120 0.025062 0.030665 0.269424
7 0.468603 0.491424 0.033748 0.098277 0.268730
