7 0.735802 0.446446 0.191670 0.327291 0.946796
2 0.546839 0.474511 0.052824 0.083327 0.835049
7 0.073221 0.481942 0.146281 0.189425 0.753522
2 0.388214 0.499505 0.101654 0.152266 0.740465
2 0.580874 0.465599 0.019978 0.035202 0.699169
9 0.180030 0.054647 0.015633 0.074806 0.431836
9 0.308667 0.375403 0.007804 0.026076 0.357579
2 0.501302 0.897817 0.994740 0.173783 0.311170
2 0.433728 0.496625 0.036111 0.126616 0.308402
7 0.499445 0.447754 0.053885 0.101534 0.298129
2 0.851525 0.473400 0.044524 0.049923 0.262118
