2 0.105017 0.421065 0.210033 0.241605 0.761107
7 0.581676 0.293103 0.081065 0.158056 0.651451
2 0.269558 0.381053 0.065497 0.081092 0.640010
2 0.476728 0.324610 0.026081 0.035777 0.597049
2 0.416797 0.330907 0.028359 0.032625 0.590660
2 0.380169 0.340680 0.037568 0.043749 0.546125
2 0.308919 0.362287 0.043444 0.078813 0.523089
2 0.361177 0.348917 0.021744 0.050614 0.423116
2 0.349731 0.352550 0.032076 0.062041 0.320296
2 0.494976 0.315858 0.019120 0.033032 0.287261
2 0.386247 0.338207 0.032994 0.040326 0.277910
