2 0.811704 0.455615 0.131183 0.141495 0.913529
2 0.158005 0.440865 0.149501 0.136112 0.911580
2 0.664220 0.445614 0.097939 0.124398 0.894627
2 0.552991 0.422141 0.059555 0.080726 0.884996
2 0.495305 0.409319 0.028981 0.034867 0.741637
2 0.421505 0.406932 0.034286 0.043793 0.736453
2 0.614936 0.422792 0.028592 0.065709 0.616239
2 0.594801 0.411895 0.028789 0.043025 0.561970
2 0.262676 0.414076 0.079804 0.054329 0.466139
2 0.459102 0.403851 0.017563 0.026413 0.428863
2 0.443849 0.404929 0.018730 0.027642 0.421978
2 0.516424 0.401279 0.016345 0.022357 0.258650
