5 0.864183 0.493599 0.269598 0.979826 0.950014
2 0.060780 0.622800 0.120952 0.105695 0.903761
2 0.693944 0.613073 0.104816 0.153064 0.890796
2 0.165300 0.611220 0.096246 0.079624 0.864583
7 0.242026 0.582258 0.077527 0.108711 0.813873
2 0.595969 0.607201 0.065850 0.077403 0.804331
2 0.519335 0.593947 0.040796 0.050374 0.745295
2 0.294672 0.595337 0.031604 0.041036 0.680590
0 0.632382 0.597614 0.013606 0.068228 0.586989
9 0.176570 0.451245 0.010075 0.038976 0.461828
2 0.394475 0.584675 0.021482 0.021733 0.426889
2 0.316858 0.591967 0.023084 0.037768 0.408898
2 0.327034 0.590037 0.034750 0.035971 0.372371
9 0.498012 0.471455 0.014595 0.027587 0.359907
2 0.351955 0.585082 0.012632 0.027064 0.268449
