2 0.873586 0.601964 0.251470 0.495184 0.908123
2 0.691660 0.407102 0.087568 0.094428 0.842821
2 0.152761 0.348874 0.055357 0.047812 0.805726
2 0.450628 0.377654 0.051827 0.065604 0.738810
7 0.493469 0.325478 0.049625 0.107899 0.687797
2 0.278709 0.343534 0.040188 0.030653 0.647483
2 0.225726 0.329361 0.038795 0.042247 0.585461
2 0.497854 0.868020 0.991869 0.236964 0.557078
2 0.747013 0.396351 0.069268 0.097297 0.504711
7 0.554923 0.325999 0.080498 0.124548 0.455648
7 0.746189 0.394082 0.070265 0.099543 0.389817
2 0.885193 0.356526 0.036502 0.020454 0.379131
