2 0.873780 0.742133 0.251366 0.469069 0.917814
2 0.409005 0.550815 0.229324 0.358121 0.910541
0 0.772303 0.563483 0.029734 0.125160 0.803010
2 0.253109 0.374891 0.043457 0.067097 0.797649
3 0.029967 0.336214 0.042912 0.078325 0.792754
9 0.370437 0.253611 0.020949 0.054555 0.776906
2 0.083748 0.333155 0.071837 0.085342 0.752838
2 0.201419 0.363307 0.070335 0.079301 0.744299
2 0.286931 0.388065 0.030391 0.046289 0.687017
9 0.757043 0.386603 0.018138 0.057937 0.644848
9 0.562814 0.246256 0.018430 0.069051 0.633242
2 0.376887 0.858988 0.752472 0.262740 0.562677
2 0.331340 0.395316 0.041210 0.037479 0.484111
0 0.040146 0.309889 0.023383 0.114176 0.413615
9 0.659277 0.366551 0.020057 0.053370 0.407621
9 0.662168 0.369428 0.022342 0.055138 0.312952
2 0.341650 0.397110 0.021238 0.034631 0.266942
