2 0.727851 0.514788 0.164688 0.166586 0.900374
2 0.337057 0.501696 0.098300 0.126082 0.808319
2 0.569485 0.474788 0.034341 0.044863 0.760990
2 0.643412 0.497784 0.064076 0.109848 0.759617
0 0.274060 0.485048 0.020073 0.098594 0.709801
2 0.462824 0.471123 0.025594 0.035670 0.581369
7 0.096839 0.491320 0.192517 0.452040 0.576405
2 0.096924 0.490966 0.192608 0.454402 0.470887
2 0.604724 0.479876 0.017957 0.034822 0.406263
2 0.546758 0.460083 0.019897 0.030266 0.396453
2 0.415072 0.464910 0.017367 0.032485 0.265481
