2 0.837488 0.660170 0.325024 0.358122 0.922036
2 0.377393 0.616657 0.061344 0.096160 0.875623
2 0.609713 0.605753 0.106749 0.138552 0.852305
2 0.335578 0.616116 0.033450 0.056252 0.694486
2 0.428639 0.604796 0.028915 0.040963 0.620678
2 0.676375 0.586773 0.085588 0.139023 0.508990
7 0.559431 0.550471 0.112777 0.199049 0.508475
2 0.109674 0.889704 0.219078 0.195388 0.451079
5 0.559842 0.548734 0.112554 0.196264 0.450914
5 0.478718 0.582912 0.030842 0.066397 0.448991
2 0.479037 0.582820 0.031183 0.066026 0.296045
