2 0.102858 0.687425 0.205048 0.267955 0.919934
2 0.226030 0.630010 0.171909 0.161637 0.919815
2 0.340115 0.620152 0.100565 0.102258 0.839200
7 0.587895 0.670742 0.176467 0.317202 0.796163
0 0.791987 0.588064 0.021951 0.112445 0.754521
0 0.729158 0.574262 0.022682 0.063731 0.712839
0 0.841644 0.610704 0.023965 0.152069 0.642105
0 0.690947 0.568153 0.021147 0.072663 0.618817
2 0.487073 0.578895 0.056857 0.064584 0.578186
0 0.759643 0.572638 0.017997 0.084238 0.554933
2 0.476723 0.582988 0.037112 0.057100 0.346833
2 0.388347 0.591698 0.039975 0.046007 0.250913
