2 0.650880 0.570600 0.180141 0.194177 0.916686
2 0.535662 0.513292 0.080522 0.107660 0.861343
2 0.288117 0.506524 0.062019 0.079158 0.842378
0 0.948014 0.513565 0.029940 0.138484 0.835358
5 0.467929 0.461092 0.068313 0.142282 0.763994
2 0.394313 0.488190 0.027805 0.030448 0.636845
2 0.310439 0.493833 0.048398 0.069988 0.610983
0 0.706515 0.478915 0.016590 0.049772 0.376541
9 0.277647 0.393032 0.010929 0.045111 0.354396
2 0.425075 0.486208 0.017121 0.032355 0.339290
2 0.422395 0.487339 0.013870 0.031119 0.316649
