2 0.055047 0.606778 0.109641 0.246748 0.896613
2 0.316000 0.531192 0.090647 0.108976 0.880544
2 0.129284 0.530134 0.126097 0.104713 0.821740
0 0.869694 0.485646 0.029369 0.124691 0.800935
0 0.647078 0.517614 0.032714 0.219231 0.800125
2 0.245929 0.522875 0.040036 0.049871 0.780591
2 0.562004 0.509574 0.035656 0.073780 0.755268
2 0.373052 0.503673 0.022918 0.029483 0.680327
2 0.217581 0.527770 0.035994 0.057004 0.612851
2 0.405968 0.501966 0.029301 0.045478 0.604745
2 0.590416 0.508361 0.039843 0.107847 0.566430
2 0.197596 0.532410 0.023651 0.056332 0.558849
2 0.546209 0.501657 0.027211 0.066324 0.543882
2 0.646595 0.523144 0.113186 0.137082 0.511476
2 0.541275 0.500770 0.029829 0.065135 0.496546
2 0.450183 0.505626 0.030391 0.036329 0.486457
2 0.525038 0.496525 0.020119 0.047106 0.406816
2 0.489413 0.496603 0.027265 0.041184 0.361473
7 0.647167 0.524019 0.114448 0.139723 0.357745
2 0.538002 0.497704 0.024246 0.057974 0.323338
