2 0.842223 0.471622 0.239828 0.282968 0.923465
2 0.585248 0.369196 0.112012 0.168995 0.864716
2 0.666441 0.357723 0.052621 0.075235 0.857691
2 0.748077 0.383486 0.051045 0.069926 0.823699
2 0.441997 0.318311 0.060660 0.070825 0.816558
2 0.219874 0.331932 0.390225 0.434017 0.754638
2 0.027891 0.318954 0.055314 0.269211 0.707989
2 0.476373 0.316624 0.025527 0.058049 0.648668
2 0.978662 0.414670 0.039614 0.062508 0.542385
2 0.526007 0.309024 0.048542 0.086992 0.535025
7 0.526235 0.308753 0.049437 0.086339 0.516543
0 0.979545 0.441231 0.040066 0.146302 0.443222
0 0.956314 0.400784 0.014405 0.057413 0.388522
2 0.643953 0.334714 0.022390 0.042154 0.374185
2 0.499740 0.809342 0.993294 0.347664 0.315153
2 0.492950 0.309306 0.025360 0.052333 0.310372
