7 0.396677 0.258840 0.334645 0.463438 0.868739
0 0.827788 0.430745 0.066101 0.263086 0.840759
2 0.188395 0.446881 0.376757 0.408301 0.724927
2 0.915794 0.384032 0.117399 0.091360 0.686424
0 0.615141 0.416002 0.035793 0.270135 0.685563
0 0.684705 0.420309 0.037825 0.166547 0.674830
0 0.642273 0.419041 0.033351 0.217155 0.614023
0 0.739441 0.428384 0.040231 0.260988 0.599199
0 0.591143 0.423423 0.033934 0.232524 0.530434
2 0.956821 0.458828 0.085471 0.132708 0.435234
2 0.980413 0.496609 0.038547 0.094114 0.307551
0 0.749005 0.427035 0.059757 0.261492 0.299596
