2 0.834208 0.621372 0.330310 0.384944 0.934088
2 0.510363 0.669324 0.240281 0.331650 0.895328
0 0.285001 0.550844 0.018607 0.108430 0.744001
2 0.391959 0.555358 0.081940 0.133265 0.696006
0 0.146992 0.570284 0.013741 0.069623 0.603835
0 0.264515 0.561322 0.021327 0.088291 0.548306
0 0.301888 0.553237 0.016252 0.096558 0.413488
9 0.233336 0.327414 0.010656 0.044429 0.358960
0 0.579522 0.528560 0.013028 0.044781 0.338412
0 0.170414 0.568498 0.010611 0.064097 0.332428
9 0.248954 0.327591 0.014333 0.044740 0.331772
