2 0.637402 0.514626 0.145701 0.175899 0.894774
7 0.499857 0.446291 0.058177 0.141990 0.816065
9 0.402725 0.128340 0.014202 0.067100 0.807189
9 0.157278 0.233463 0.013926 0.053708 0.790180
2 0.537160 0.492880 0.064657 0.088920 0.775773
2 0.199329 0.486514 0.025743 0.031799 0.566505
9 0.964851 0.199049 0.021157 0.075248 0.564831
2 0.511496 0.483782 0.039429 0.083975 0.466112
2 0.036939 0.507588 0.033077 0.028989 0.390262
2 0.122211 0.495793 0.035997 0.048993 0.320745
2 0.130421 0.495408 0.053085 0.047816 0.308329
2 0.243410 0.495099 0.056631 0.053250 0.288241
2 0.465348 0.481341 0.015017 0.030628 0.267679
