2 0.302138 0.511195 0.110885 0.125930 0.785914
2 0.401157 0.485005 0.063257 0.066700 0.733939
2 0.462796 0.467051 0.032529 0.041066 0.714828
7 0.661410 0.463022 0.114296 0.203673 0.646603
2 0.491232 0.463794 0.027689 0.029971 0.600428
2 0.594331 0.484003 0.024957 0.051879 0.433347
2 0.500292 0.462699 0.028857 0.028106 0.428323
5 0.661791 0.464836 0.115139 0.206343 0.405161
2 0.520234 0.460552 0.021178 0.023170 0.356277
2 0.487394 0.466058 0.023886 0.033130 0.310961
2 0.572260 0.459718 0.017599 0.036163 0.257470
