2 0.723445 0.549696 0.188768 0.194268 0.911966
2 0.110146 0.502706 0.079089 0.079857 0.883728
2 0.079898 0.685667 0.159513 0.368628 0.843991
2 0.036693 0.507560 0.073117 0.105466 0.783867
2 0.172156 0.490233 0.060562 0.072725 0.725986
2 0.218461 0.478938 0.051053 0.068457 0.725274
2 0.395262 0.481100 0.047225 0.081152 0.709243
2 0.585955 0.483950 0.046233 0.080515 0.700238
7 0.493698 0.516220 0.158976 0.270930 0.665287
2 0.328834 0.465696 0.023838 0.026405 0.515266
2 0.296261 0.468754 0.036187 0.040031 0.461188
