2 0.447255 0.453415 0.159911 0.239008 0.919118
2 0.876202 0.518429 0.246059 0.486041 0.904564
5 0.643957 0.354023 0.162493 0.268346 0.888005
2 0.095539 0.412774 0.190558 0.187122 0.856615
2 0.744656 0.409727 0.045206 0.098584 0.843072
2 0.281739 0.384006 0.073310 0.076388 0.834911
2 0.544395 0.380892 0.038328 0.059491 0.751069
2 0.344845 0.381061 0.057333 0.054841 0.430036
2 0.346564 0.404756 0.060979 0.102208 0.371736
2 0.500534 0.866362 0.994747 0.228703 0.354490
13 0.184454 0.528489 0.367397 0.285249 0.347155
2 0.166017 0.390191 0.051690 0.114465 0.308118
