2 0.341176 0.491394 0.073791 0.078038 0.854921
2 0.427899 0.469682 0.033834 0.040484 0.814746
2 0.527005 0.466858 0.038118 0.051801 0.812487
2 0.380949 0.476015 0.047218 0.071972 0.776707
7 0.145608 0.659889 0.289715 0.542923 0.710534
2 0.844137 0.457708 0.083835 0.098495 0.567683
2 0.672324 0.442435 0.038154 0.037314 0.550268
2 0.617667 0.464634 0.068183 0.087014 0.521249
7 0.617670 0.464124 0.068724 0.088032 0.495436
2 0.464701 0.460095 0.016439 0.021324 0.384276
9 0.464958 0.357816 0.011350 0.025212 0.374082
7 0.497711 0.441443 0.025757 0.047405 0.325504
2 0.587425 0.461104 0.018657 0.059698 0.316821
2 0.581610 0.459190 0.025698 0.058655 0.313995
2 0.885012 0.455890 0.163866 0.101922 0.268548
