2 0.360374 0.440841 0.057998 0.087233 0.807802
0 0.891081 0.449451 0.047935 0.215108 0.807671
2 0.559967 0.448517 0.061528 0.079986 0.794314
2 0.448226 0.441262 0.051799 0.069746 0.772719
2 0.083419 0.470665 0.104785 0.084642 0.756707
2 0.651310 0.456538 0.150216 0.184260 0.710396
2 0.148277 0.457576 0.048789 0.059502 0.695773
2 0.226411 0.447039 0.037103 0.054346 0.517939
2 0.507221 0.862682 0.984291 0.246282 0.412110
2 0.261641 0.441853 0.030194 0.047739 0.382156
2 0.039238 0.458027 0.076716 0.103726 0.378118
2 0.006140 0.483096 0.012243 0.077241 0.284479
2 0.513950 0.434790 0.053987 0.057891 0.276366
