2 0.489680 0.670952 0.026586 0.042260 0.800933
2 0.599907 0.679532 0.058064 0.071987 0.765670
2 0.546249 0.670750 0.051148 0.081146 0.695729
2 0.327482 0.685148 0.020271 0.050933 0.669037
2 0.514402 0.666659 0.015940 0.023868 0.584163
2 0.365779 0.678209 0.028093 0.039562 0.517966
2 0.381075 0.674240 0.022717 0.038207 0.507567
2 0.352669 0.680595 0.026951 0.040820 0.506127
2 0.358834 0.680585 0.031019 0.041489 0.463040
2 0.417698 0.671425 0.017788 0.023222 0.461911
58 0.785337 0.704937 0.147135 0.191616 0.453907
9 0.124036 0.229325 0.078936 0.133851 0.452531
2 0.391885 0.673466 0.023147 0.036927 0.341718
2 0.413796 0.671449 0.021524 0.024718 0.336093
5 0.946334 0.540863 0.106405 0.519628 0.322183
2 0.387420 0.674031 0.022003 0.036833 0.316141
9 0.502670 0.025256 0.054046 0.050431 0.291968
9 0.310993 0.424733 0.027650 0.050907 0.252522
7 0.869513 0.606789 0.087619 0.124353 0.252464
