2 0.569621 0.453884 0.074636 0.095800 0.889710
2 0.341326 0.480572 0.079203 0.078962 0.808067
2 0.423124 0.464722 0.044550 0.044782 0.799649
2 0.279866 0.489801 0.048858 0.053203 0.779240
2 0.511104 0.450428 0.039040 0.042095 0.769104
2 0.064773 0.538022 0.128989 0.152399 0.736703
7 0.240364 0.488214 0.060837 0.060241 0.581895
2 0.386386 0.463712 0.032141 0.040374 0.567151
2 0.501532 0.884748 0.993398 0.192821 0.471706
2 0.241069 0.488162 0.062538 0.058945 0.422135
2 0.655317 0.422949 0.017127 0.022050 0.380162
2 0.635829 0.423935 0.016576 0.020715 0.318181
