2 0.897278 0.678696 0.204523 0.337593 0.938131
2 0.128574 0.646654 0.255624 0.250843 0.929347
2 0.619830 0.652015 0.242176 0.255098 0.926661
2 0.382190 0.682190 0.268336 0.390083 0.915560
2 0.898875 0.936663 0.201474 0.119819 0.842534
2 0.729339 0.599851 0.098630 0.121298 0.821759
0 0.786619 0.560559 0.024026 0.110775 0.641844
9 0.594770 0.254584 0.019341 0.067113 0.579189
0 0.686316 0.533274 0.016821 0.055311 0.484784
0 0.855987 0.555744 0.017054 0.045195 0.464144
2 0.019166 0.576955 0.038089 0.094342 0.445019
9 0.608653 0.251905 0.014437 0.069924 0.438256
9 0.106156 0.325781 0.011443 0.048301 0.433036
9 0.099870 0.324483 0.019160 0.049069 0.387204
9 0.103057 0.324910 0.017640 0.049601 0.368740
2 0.405013 0.932011 0.800890 0.122010 0.356993
9 0.616857 0.374707 0.010532 0.039911 0.336888
9 0.117456 0.325371 0.016756 0.048483 0.336307
0 0.708708 0.527833 0.012911 0.023335 0.296644
2 0.606421 0.937602 0.404328 0.116454 0.275868
9 0.632883 0.392786 0.009980 0.036637 0.274515
9 0.621756 0.255027 0.015929 0.062827 0.269759
