2 0.505131 0.511924 0.064689 0.081055 0.792843
0 0.801186 0.523180 0.035137 0.190299 0.791530
0 0.769840 0.512668 0.035063 0.143153 0.618303
0 0.829292 0.507490 0.030350 0.141553 0.618087
2 0.359978 0.481634 0.035738 0.048815 0.581518
2 0.460377 0.493637 0.031549 0.039242 0.573738
0 0.693259 0.512262 0.036286 0.147166 0.511798
2 0.524219 0.955039 0.227597 0.086300 0.505646
0 0.741447 0.503875 0.017418 0.081366 0.440581
0 0.719234 0.500154 0.017553 0.088413 0.403442
0 0.567881 0.492696 0.012180 0.064292 0.391952
0 0.621644 0.504604 0.019301 0.093273 0.343465
7 0.294033 0.487183 0.060020 0.092302 0.328787
2 0.295252 0.502912 0.057504 0.063104 0.320830
2 0.467756 0.494991 0.019492 0.036698 0.253285
