2 0.804313 0.478737 0.152553 0.131912 0.859523
2 0.053785 0.418887 0.073624 0.067888 0.776397
2 0.125958 0.406029 0.073537 0.067506 0.730653
7 0.520931 0.378510 0.108798 0.167207 0.729537
2 0.014722 0.454428 0.029243 0.122362 0.661090
2 0.173092 0.408626 0.031957 0.043004 0.483528
2 0.416402 0.397233 0.021199 0.028132 0.467581
2 0.215560 0.405969 0.028492 0.031993 0.449362
7 0.716775 0.434523 0.127695 0.119001 0.324784
0 0.592842 0.427652 0.020226 0.077772 0.283694
2 0.260591 0.394118 0.042205 0.031224 0.269417
2 0.207404 0.403590 0.043669 0.036672 0.259628
