2 0.426370 0.508320 0.074948 0.105878 0.883767
2 0.526391 0.505163 0.030376 0.064454 0.777857
2 0.573486 0.513472 0.083517 0.118016 0.753661
2 0.185759 0.468913 0.057320 0.038413 0.658642
2 0.507161 0.501216 0.027830 0.055519 0.625393
2 0.650671 0.502169 0.033167 0.051771 0.540103
2 0.464903 0.495299 0.026379 0.066047 0.538698
0 0.679065 0.511077 0.024686 0.144492 0.502689
2 0.876714 0.548225 0.244770 0.711973 0.415614
2 0.357119 0.497998 0.043680 0.048920 0.394030
9 0.654676 0.235272 0.016044 0.062936 0.331786
2 0.614653 0.504304 0.028171 0.067470 0.320995
9 0.425444 0.274149 0.012915 0.026407 0.311720
2 0.924473 0.404533 0.149952 0.423000 0.261897
