2 0.362243 0.624332 0.197946 0.297353 0.917086
2 0.845138 0.698025 0.307854 0.551333 0.827263
2 0.751300 0.591510 0.340118 0.260917 0.777365
2 0.584572 0.572670 0.174476 0.148058 0.750815
2 0.065288 0.611300 0.130345 0.112275 0.653394
2 0.234523 0.583324 0.068478 0.080398 0.618389
2 0.034763 0.632498 0.067826 0.101611 0.494447
2 0.116307 0.599584 0.137761 0.109822 0.457429
2 0.152316 0.586047 0.103193 0.092844 0.413937
2 0.463139 0.562178 0.037180 0.037836 0.389387
2 0.220711 0.585139 0.043330 0.080023 0.295591
2 0.194121 0.590522 0.046159 0.084164 0.265369
2 0.470297 0.565599 0.052069 0.043262 0.257697
2 0.579082 0.613863 0.083877 0.112854 0.253727
2 0.679471 0.582435 0.230278 0.203001 0.251120
