2 0.489505 0.560724 0.213554 0.359835 0.782815
2 0.364313 0.515230 0.076967 0.149041 0.764649
0 0.126505 0.503510 0.022463 0.130662 0.723026
0 0.922976 0.597162 0.033620 0.172462 0.684404
0 0.093032 0.503505 0.021018 0.140722 0.673743
0 0.985354 0.604642 0.028426 0.170721 0.648768
0 0.954097 0.600537 0.030567 0.156800 0.560456
0 0.270874 0.518737 0.016194 0.088342 0.555250
0 0.219689 0.511417 0.023376 0.112223 0.545323
0 0.885753 0.583602 0.035827 0.171590 0.508337
2 0.309186 0.522184 0.034444 0.078969 0.469011
0 0.014851 0.484582 0.028063 0.116113 0.418052
0 0.184156 0.504283 0.017340 0.073387 0.350971
5 0.570448 0.475011 0.498618 0.329341 0.324674
0 0.868571 0.582161 0.029838 0.149369 0.286634
0 0.240166 0.522798 0.019618 0.078510 0.272581
2 0.480761 0.878086 0.951424 0.214251 0.267275
