2 0.457753 0.545408 0.077194 0.112617 0.915283
2 0.507955 0.526731 0.050325 0.077797 0.806780
0 0.867712 0.624312 0.038820 0.224664 0.704121
0 0.767628 0.546506 0.031449 0.118002 0.701708
0 0.664963 0.535635 0.020720 0.086144 0.699446
2 0.445297 0.923154 0.883802 0.135703 0.674390
0 0.642313 0.533750 0.016522 0.073710 0.411649
0 0.607500 0.529318 0.014086 0.072685 0.409905
0 0.623058 0.529951 0.018556 0.087329 0.341967
1 0.643716 0.613016 0.041916 0.074439 0.324156
1 0.683190 0.631335 0.055226 0.106098 0.311709
1 0.718423 0.650219 0.057651 0.113867 0.280360
0 0.641158 0.535356 0.022169 0.081676 0.266466
