2 0.522923 0.668492 0.094550 0.104540 0.903945
2 0.232983 0.634285 0.115761 0.171224 0.875331
2 0.480493 0.647880 0.065174 0.094379 0.846011
2 0.443449 0.647856 0.036678 0.067497 0.759475
2 0.362005 0.624378 0.054439 0.090323 0.674104
2 0.422891 0.643392 0.028295 0.055723 0.624391
2 0.024128 0.604455 0.048011 0.073792 0.555667
2 0.329981 0.622387 0.016204 0.031904 0.537731
2 0.403218 0.627759 0.031319 0.052442 0.529189
2 0.287214 0.624320 0.029848 0.128412 0.460597
2 0.068834 0.604778 0.073419 0.063969 0.341900
