2 0.889833 0.594004 0.219473 0.286391 0.922170
2 0.639860 0.530524 0.071286 0.095183 0.843872
2 0.592785 0.522549 0.037934 0.055402 0.792309
2 0.574764 0.509033 0.030323 0.043360 0.753436
7 0.044799 0.573057 0.089023 0.192616 0.746078
2 0.518265 0.497690 0.026791 0.041385 0.743830
2 0.417397 0.500950 0.038072 0.056500 0.637466
2 0.240069 0.520980 0.061617 0.053350 0.508821
2 0.284904 0.499601 0.066645 0.069835 0.503466
2 0.443748 0.496175 0.022531 0.041518 0.488473
2 0.223415 0.521337 0.094864 0.055784 0.322432
2 0.476511 0.492859 0.014616 0.018293 0.273689
