2 0.805886 0.564110 0.374331 0.371146 0.937764
2 0.644922 0.433646 0.112226 0.131528 0.868683
2 0.530875 0.378858 0.033105 0.051668 0.732070
7 0.384941 0.358212 0.060202 0.100286 0.729966
2 0.034316 0.370017 0.062714 0.054258 0.698917
2 0.208186 0.373322 0.047415 0.042382 0.661943
7 0.449481 0.351967 0.031790 0.056720 0.630659
2 0.267357 0.365617 0.025985 0.038035 0.579250
2 0.241459 0.365045 0.037899 0.045108 0.569188
2 0.501445 0.829842 0.995785 0.310830 0.538593
2 0.479260 0.373850 0.026730 0.035906 0.504885
2 0.289766 0.362791 0.023693 0.037562 0.483273
2 0.974643 0.744632 0.049807 0.254562 0.480427
2 0.317642 0.360915 0.024653 0.031730 0.385943
2 0.335985 0.361260 0.016955 0.027254 0.324301
2 0.988926 0.581577 0.021339 0.092758 0.287017
