2 0.816739 0.488649 0.365043 0.378742 0.935130
2 0.120544 0.446608 0.241088 0.253935 0.894878
2 0.619367 0.456569 0.123700 0.174747 0.820034
2 0.297485 0.400988 0.061217 0.087671 0.812740
0 0.468032 0.415113 0.033416 0.153720 0.805013
0 0.497203 0.418157 0.027998 0.141866 0.766056
2 0.501632 0.867244 0.996183 0.243418 0.655113
2 0.353877 0.381193 0.018836 0.042373 0.513709
7 0.494152 0.397678 0.123843 0.188482 0.448517
2 0.430200 0.390411 0.017382 0.044842 0.340967
2 0.428171 0.385426 0.021349 0.055413 0.322928
2 0.316666 0.376783 0.043955 0.094478 0.300124
2 0.341728 0.390101 0.018503 0.050326 0.252698
