7 0.368226 0.387499 0.242556 0.571535 0.930843
7 0.705687 0.462788 0.217819 0.339124 0.910211
2 0.595561 0.560329 0.173227 0.222045 0.898842
2 0.062994 0.540902 0.100229 0.139666 0.854160
2 0.499511 0.540077 0.050976 0.080955 0.822489
0 0.840540 0.569426 0.030487 0.120921 0.804326
2 0.204980 0.554276 0.121963 0.119767 0.792232
0 0.921978 0.560173 0.018468 0.089810 0.761986
0 0.869307 0.580018 0.029459 0.135032 0.692272
0 0.960958 0.581490 0.023134 0.107008 0.600153
9 0.993113 0.431173 0.012777 0.042235 0.549817
0 0.908947 0.543226 0.014120 0.064468 0.535878
0 0.006961 0.544728 0.013922 0.103702 0.505271
0 0.814699 0.560348 0.016432 0.101849 0.324335
9 0.138894 0.412159 0.011945 0.045581 0.311898
0 0.005627 0.535422 0.011158 0.083718 0.307920
0 0.811532 0.559489 0.020149 0.103339 0.296989
