2 0.407078 0.555926 0.085941 0.117519 0.895052
2 0.776309 0.531303 0.102260 0.137257 0.864527
2 0.458324 0.497956 0.067673 0.093905 0.800939
2 0.689445 0.397181 0.038875 0.042529 0.791192
2 0.492440 0.462343 0.055588 0.082979 0.715182
2 0.562652 0.389135 0.023855 0.031646 0.700193
2 0.521302 0.431874 0.034685 0.059082 0.655693
10 0.291431 0.633625 0.014307 0.052923 0.594239
2 0.668700 0.365350 0.022200 0.034332 0.471025
2 0.581928 0.369222 0.022271 0.034362 0.428445
11 0.247286 0.390718 0.032752 0.065303 0.364364
2 0.499640 0.888985 0.993814 0.191393 0.310934
