0 0.306234 0.449757 0.117776 0.355126 0.919008
0 0.550582 0.431377 0.110080 0.351285 0.897444
0 0.816746 0.466065 0.174802 0.738307 0.888460
0 0.669249 0.401976 0.140193 0.455989 0.868858
0 0.119467 0.447251 0.062966 0.355720 0.851896
0 0.461060 0.423406 0.078402 0.288126 0.810784
2 0.047082 0.468554 0.093813 0.231029 0.791125
0 0.727930 0.398583 0.044609 0.311499 0.711559
0 0.402798 0.379654 0.031508 0.109003 0.695157
2 0.621523 0.358054 0.306373 0.260631 0.694129
2 0.258623 0.380056 0.237749 0.178463 0.609620
74 0.500492 0.165187 0.035887 0.067250 0.478198
0 0.886522 0.264471 0.042670 0.141726 0.475484
0 0.900663 0.378692 0.056777 0.331145 0.452867
2 0.499833 0.865362 0.994157 0.241616 0.444662
0 0.989083 0.287437 0.021148 0.064973 0.363473
24 0.761935 0.369463 0.069605 0.263188 0.359088
0 0.922590 0.412743 0.102538 0.401756 0.327596
2 0.382726 0.349051 0.028925 0.063098 0.324172
0 0.943672 0.392490 0.064266 0.437648 0.322634
3 0.981160 0.349998 0.036945 0.153523 0.295033
9 0.728716 0.212415 0.018826 0.033917 0.287052
24 0.774987 0.359123 0.095469 0.277075 0.263665
