2 0.081434 0.629614 0.162230 0.269276 0.905506
2 0.272965 0.550267 0.093317 0.130980 0.856765
2 0.892200 0.622944 0.214325 0.302832 0.850385
2 0.679890 0.572497 0.118147 0.116768 0.841477
2 0.174876 0.565379 0.168667 0.186239 0.827024
2 0.477248 0.556164 0.104111 0.172704 0.787830
2 0.641262 0.534785 0.089911 0.094521 0.764702
2 0.317614 0.540442 0.037052 0.080947 0.740905
2 0.385036 0.517747 0.033470 0.048399 0.519839
2 0.499074 0.906296 0.992667 0.151025 0.403630
9 0.381832 0.374179 0.021205 0.049259 0.349652
9 0.559735 0.357900 0.018809 0.036955 0.344701
2 0.539056 0.531698 0.026413 0.029528 0.335722
9 0.380692 0.371572 0.017055 0.037139 0.333163
9 0.676805 0.450928 0.010287 0.032018 0.285810
9 0.589030 0.474599 0.013799 0.026878 0.256533
9 0.309222 0.451909 0.014184 0.025453 0.256432
