2 0.339056 0.607908 0.266619 0.343964 0.937558
2 0.128928 0.541821 0.205812 0.138753 0.912187
1 0.766677 0.612208 0.094357 0.094187 0.901440
2 0.924718 0.564544 0.150255 0.120217 0.887656
2 0.593230 0.545665 0.205413 0.140174 0.863058
2 0.824669 0.545925 0.121973 0.097077 0.858003
0 0.701640 0.516391 0.016859 0.069044 0.706403
0 0.669738 0.503329 0.014132 0.052036 0.616653
0 0.720790 0.512316 0.015635 0.065797 0.556004
9 0.457350 0.198587 0.019684 0.066032 0.527266
9 0.433482 0.196047 0.019838 0.064320 0.515069
2 0.466006 0.502019 0.024437 0.039305 0.400536
9 0.218108 0.295182 0.013791 0.043900 0.389922
9 0.229330 0.297418 0.015357 0.044499 0.372479
9 0.123083 0.421583 0.011418 0.031110 0.312018
9 0.126844 0.420711 0.017812 0.032467 0.302687
2 0.229607 0.513033 0.030717 0.033580 0.298721
9 0.586036 0.440017 0.009224 0.024031 0.285824
9 0.218625 0.294438 0.020073 0.044676 0.283508
2 0.188588 0.499070 0.057095 0.036053 0.282228
9 0.444866 0.197632 0.016049 0.068649 0.257721
