7 0.077817 0.383655 0.154149 0.764030 0.894605
0 0.633565 0.471977 0.042991 0.191763 0.864562
7 0.511590 0.356319 0.206554 0.365788 0.785224
0 0.681862 0.472514 0.034562 0.189025 0.771149
0 0.660533 0.459743 0.025127 0.129362 0.769612
2 0.405546 0.655373 0.401085 0.557748 0.690487
2 0.206972 0.459786 0.060757 0.102978 0.565034
2 0.175745 0.473564 0.045907 0.111111 0.484269
2 0.233625 0.447608 0.028363 0.083335 0.386447
2 0.149475 0.479645 0.059538 0.130669 0.375615
2 0.254424 0.435136 0.030248 0.058813 0.334734
