2 0.861080 0.765847 0.276661 0.445181 0.931476
2 0.125888 0.606475 0.159583 0.155964 0.916883
2 0.687518 0.643717 0.182373 0.212228 0.901975
2 0.586105 0.614908 0.087149 0.129714 0.848741
2 0.214852 0.600052 0.044390 0.091372 0.838278
2 0.274854 0.584963 0.056843 0.062424 0.832860
2 0.517437 0.570870 0.058974 0.100769 0.740137
2 0.304923 0.573246 0.038976 0.061280 0.732584
7 0.442040 0.586149 0.088012 0.148052 0.624301
2 0.346281 0.565776 0.030502 0.044465 0.595441
2 0.329194 0.568748 0.029678 0.049988 0.586737
2 0.110699 0.543704 0.072725 0.051478 0.321799
2 0.315770 0.570846 0.048697 0.056541 0.294862
