2 0.292927 0.419450 0.080968 0.095768 0.897240
2 0.557348 0.432059 0.094309 0.128593 0.890486
2 0.338509 0.404984 0.033497 0.051222 0.805702
2 0.489986 0.410580 0.062439 0.082395 0.792340
2 0.384418 0.416222 0.057333 0.076198 0.772093
2 0.455138 0.405463 0.033129 0.060699 0.752950
7 0.794696 0.454903 0.408911 0.446338 0.746425
2 0.168487 0.444656 0.139506 0.206689 0.617792
2 0.499990 0.851194 0.994827 0.268841 0.612109
2 0.082906 0.480323 0.165184 0.362551 0.512824
2 0.433697 0.401005 0.020032 0.042982 0.467161
7 0.083097 0.480576 0.165500 0.363302 0.448204
