2 0.190280 0.551573 0.193959 0.109785 0.896193
0 0.983887 0.606129 0.031505 0.154631 0.831722
0 0.411441 0.556880 0.028682 0.101790 0.786896
7 0.663414 0.647611 0.412482 0.671156 0.781492
2 0.384858 0.534223 0.036538 0.048259 0.676702
9 0.444856 0.358576 0.011757 0.044529 0.623425
2 0.111158 0.530603 0.070822 0.074246 0.613055
9 0.944034 0.437820 0.014198 0.048542 0.557516
0 0.466236 0.551147 0.022041 0.091839 0.533499
9 0.933408 0.243701 0.024369 0.066747 0.523789
2 0.042841 0.513003 0.084780 0.120518 0.423327
2 0.111612 0.512147 0.074133 0.040005 0.291494
