2 0.571206 0.583485 0.235652 0.275411 0.855571
2 0.123132 0.510049 0.072365 0.080818 0.780428
7 0.787054 0.690255 0.425145 0.514181 0.688979
2 0.356644 0.519716 0.047338 0.067211 0.632971
2 0.164702 0.471462 0.036178 0.052801 0.509770
2 0.114877 0.898847 0.229053 0.184750 0.367030
2 0.215678 0.428858 0.040874 0.063416 0.330070
2 0.193197 0.465967 0.031926 0.046027 0.297231
2 0.202743 0.461567 0.021886 0.040685 0.291849
9 0.621582 0.388124 0.031573 0.055304 0.276635
2 0.186607 0.469842 0.036186 0.055005 0.274372
2 0.195974 0.458737 0.030736 0.037126 0.266778
