7 0.754582 0.412729 0.262049 0.354898 0.950516
2 0.143680 0.564226 0.285830 0.304762 0.934938
2 0.291874 0.537112 0.081478 0.116340 0.825790
2 0.387804 0.533232 0.103722 0.172969 0.795992
9 0.161292 0.056210 0.028907 0.098540 0.767178
9 0.665609 0.190896 0.015307 0.068067 0.686751
9 0.190668 0.054436 0.026072 0.102927 0.630562
2 0.566819 0.507685 0.045716 0.062438 0.602967
2 0.595223 0.492401 0.022515 0.037493 0.465437
2 0.453791 0.504390 0.044996 0.098236 0.402714
2 0.329982 0.518132 0.021117 0.047903 0.400168
2 0.616071 0.516756 0.021744 0.054583 0.366144
9 0.072079 0.391757 0.034878 0.044600 0.261320
