2 0.909077 0.527760 0.157146 0.180163 0.896058
2 0.962955 0.556938 0.073295 0.243691 0.856450
2 0.830822 0.493827 0.118595 0.134986 0.801341
2 0.787061 0.465104 0.096371 0.125728 0.781878
2 0.526737 0.468794 0.042457 0.050048 0.756919
2 0.502996 0.893900 0.989715 0.183237 0.720817
7 0.674825 0.481458 0.109000 0.181139 0.588802
7 0.590238 0.453110 0.054461 0.083228 0.519718
2 0.590202 0.453283 0.054982 0.083268 0.515581
2 0.301875 0.475791 0.031797 0.079690 0.352256
2 0.554557 0.460482 0.017829 0.034431 0.251388
