2 0.864593 0.618537 0.268898 0.295676 0.920222
2 0.174432 0.678182 0.347761 0.507930 0.916716
2 0.708475 0.562676 0.109758 0.135441 0.890921
2 0.375287 0.548557 0.118776 0.158107 0.842394
2 0.648255 0.529314 0.072894 0.128563 0.818026
2 0.528296 0.513431 0.041587 0.062593 0.792813
2 0.345355 0.588446 0.093745 0.170128 0.764265
2 0.434251 0.526357 0.046938 0.113567 0.676139
2 0.468373 0.509070 0.037518 0.063596 0.631813
2 0.601031 0.522286 0.031809 0.093418 0.599821
2 0.605896 0.522372 0.025351 0.099303 0.430595
2 0.589960 0.509025 0.022024 0.057786 0.420105
2 0.581714 0.508736 0.035060 0.058269 0.415804
2 0.460929 0.511976 0.024628 0.068184 0.273922
2 0.592412 0.516194 0.021698 0.071930 0.269812
