2 0.178775 0.348791 0.073566 0.074960 0.871008
2 0.092951 0.364861 0.125824 0.112912 0.833780
2 0.219637 0.338505 0.052316 0.063770 0.811415
2 0.027593 0.404760 0.055027 0.106090 0.770888
2 0.246491 0.325656 0.050276 0.061328 0.767150
2 0.500556 0.853972 0.996466 0.263422 0.686395
7 0.514822 0.353997 0.251595 0.455651 0.564023
2 0.289779 0.315501 0.026524 0.041600 0.487211
2 0.315424 0.306638 0.026877 0.039549 0.450448
2 0.271665 0.318127 0.031764 0.051855 0.441876
2 0.330961 0.303670 0.020974 0.035019 0.416779
2 0.308362 0.309838 0.019278 0.040056 0.398925
2 0.343328 0.296938 0.020226 0.029620 0.385960
2 0.278476 0.317394 0.030146 0.049397 0.353043
2 0.335522 0.300453 0.018514 0.030867 0.315758
