2 0.374522 0.643825 0.231986 0.402855 0.929032
2 0.728051 0.681363 0.320618 0.346217 0.909050
7 0.085465 0.497369 0.169548 0.646364 0.874315
2 0.260982 0.568015 0.045061 0.087262 0.856468
2 0.509916 0.614354 0.067227 0.146228 0.785415
2 0.901846 0.752887 0.195479 0.474896 0.577214
0 0.209668 0.517617 0.014119 0.056500 0.511931
0 0.179104 0.520963 0.014839 0.065133 0.487137
7 0.901912 0.753194 0.195087 0.474766 0.475938
2 0.892695 0.543560 0.107008 0.102703 0.405985
0 0.553201 0.530267 0.023575 0.079949 0.270765
2 0.279006 0.510953 0.020065 0.027892 0.270638
7 0.629225 0.502513 0.111508 0.246395 0.265510
0 0.570171 0.540755 0.017812 0.076953 0.255944
0 0.187551 0.520236 0.007900 0.060391 0.250367
