2 0.746724 0.604350 0.339451 0.285622 0.927651
2 0.411680 0.545502 0.119145 0.182875 0.911532
2 0.225023 0.601130 0.235897 0.362091 0.900832
2 0.590401 0.538503 0.127840 0.180966 0.892460
5 0.317786 0.471350 0.093169 0.189180 0.826547
0 0.812866 0.463737 0.036108 0.079378 0.817258
2 0.519171 0.518787 0.081147 0.141488 0.792729
2 0.471456 0.509030 0.037242 0.090175 0.670314
2 0.414246 0.935228 0.826757 0.110038 0.563285
0 0.078440 0.531760 0.012334 0.051310 0.284906
2 0.702804 0.438871 0.054241 0.049420 0.276639
