2 0.168866 0.478222 0.159369 0.171931 0.882654
2 0.518855 0.464666 0.093628 0.132800 0.869923
2 0.566451 0.497818 0.096223 0.157894 0.858570
2 0.233229 0.446173 0.096080 0.139700 0.829967
2 0.734228 0.524034 0.321596 0.333729 0.819342
2 0.312899 0.442133 0.029535 0.055768 0.779119
2 0.069610 0.509094 0.138484 0.298101 0.750369
2 0.438961 0.448108 0.036991 0.064407 0.702030
2 0.282766 0.440972 0.040568 0.109745 0.698587
2 0.473879 0.451274 0.064970 0.108544 0.656295
2 0.491436 0.440359 0.096710 0.130297 0.457846
2 0.420961 0.446164 0.022238 0.055970 0.377968
2 0.333435 0.438636 0.024738 0.038917 0.310241
2 0.329433 0.439595 0.018169 0.037793 0.306746
2 0.408170 0.440925 0.026427 0.046683 0.300111
2 0.414718 0.443294 0.019347 0.048314 0.286964
