2 0.226198 0.689380 0.270663 0.157031 0.889186
0 0.757568 0.690198 0.019001 0.082034 0.691902
9 0.260203 0.326665 0.018240 0.079350 0.674122
9 0.052705 0.200076 0.033127 0.100538 0.617972
0 0.725913 0.684144 0.016969 0.086158 0.568276
9 0.552271 0.423126 0.013976 0.071206 0.552718
2 0.042155 0.658529 0.083009 0.035549 0.380507
9 0.917532 0.563771 0.012489 0.049694 0.368803
0 0.739308 0.686268 0.014278 0.084966 0.339938
2 0.093961 0.645063 0.050166 0.048351 0.317395
2 0.465341 0.668019 0.016945 0.029071 0.269403
