2 0.281379 0.805937 0.097203 0.150084 0.892307
2 0.042356 0.775988 0.037146 0.049628 0.821077
0 0.839328 0.808208 0.032421 0.184987 0.786210
2 0.109016 0.758153 0.021310 0.036811 0.664783
1 0.628370 0.859744 0.054875 0.117125 0.598233
9 0.218002 0.554197 0.014936 0.048901 0.586465
2 0.012501 0.786158 0.024717 0.079983 0.586105
2 0.144846 0.755154 0.021821 0.032472 0.445524
9 0.066542 0.470278 0.016995 0.065494 0.427515
1 0.524886 0.845317 0.049787 0.094776 0.370390
2 0.564192 0.813130 0.036882 0.067582 0.350177
2 0.964312 0.968163 0.070315 0.056791 0.290083
2 0.127537 0.754207 0.021176 0.035510 0.285225
