2 0.488034 0.507944 0.228711 0.370260 0.797019
0 0.176576 0.447999 0.023313 0.108352 0.734851
0 0.137293 0.450496 0.023104 0.099365 0.647442
0 0.157034 0.448132 0.019575 0.105196 0.601490
11 0.612105 0.381519 0.026032 0.058112 0.546699
4 0.897463 0.321224 0.204098 0.605973 0.541444
2 0.368987 0.429422 0.035808 0.045013 0.488327
9 0.235897 0.072029 0.018268 0.074671 0.433659
9 0.256096 0.073195 0.021176 0.075270 0.428397
2 0.478283 0.871692 0.950295 0.234504 0.371639
2 0.210240 0.441675 0.043160 0.057506 0.286635
0 0.294002 0.443622 0.011615 0.052039 0.276155
