2 0.114125 0.682197 0.227457 0.430254 0.929765
2 0.904544 0.676672 0.190091 0.471457 0.923722
2 0.480723 0.495726 0.043151 0.061930 0.808375
2 0.160796 0.520951 0.068429 0.064192 0.789270
0 0.380631 0.508525 0.014453 0.076631 0.756674
9 0.202408 0.181196 0.017133 0.054749 0.715474
2 0.848168 0.490976 0.118944 0.086261 0.701198
0 0.206721 0.512131 0.014042 0.074054 0.666394
0 0.312208 0.505798 0.035939 0.125453 0.637417
3 0.317701 0.546076 0.089863 0.101538 0.625826
9 0.389051 0.290123 0.010992 0.047763 0.578010
2 0.891540 0.489432 0.108553 0.081444 0.568338
2 0.604004 0.502298 0.033383 0.053285 0.564846
0 0.255689 0.506180 0.012784 0.071249 0.544800
9 0.401733 0.290108 0.013292 0.045419 0.522079
0 0.538727 0.503538 0.021059 0.070444 0.438487
2 0.508276 0.485026 0.018412 0.032668 0.418384
0 0.624158 0.495174 0.014315 0.075390 0.415251
9 0.589820 0.302869 0.012709 0.053109 0.412105
0 0.818285 0.465735 0.014370 0.036814 0.385364
2 0.588356 0.489289 0.024398 0.046825 0.299681
0 0.669399 0.490784 0.010147 0.054215 0.285299
