2 0.372750 0.396119 0.049557 0.054733 0.822704
9 0.223064 0.198212 0.010591 0.047710 0.640136
2 0.665998 0.387813 0.052556 0.039768 0.624567
2 0.212856 0.402033 0.059429 0.068866 0.489286
9 0.323650 0.240253 0.022063 0.055656 0.339853
2 0.545414 0.388264 0.055302 0.032599 0.309805
2 0.580469 0.377860 0.020778 0.030915 0.278365
2 0.614932 0.387277 0.020598 0.028718 0.271415
2 0.838610 0.385027 0.041261 0.038995 0.266312
2 0.489326 0.389694 0.033567 0.025945 0.265936
9 0.413221 0.242931 0.017746 0.042765 0.264050
