5 0.792812 0.381709 0.341036 0.369007 0.929034
2 0.167753 0.585318 0.296802 0.267928 0.927945
2 0.718008 0.554754 0.238682 0.257712 0.924056
2 0.432397 0.542690 0.145015 0.201712 0.913471
2 0.282053 0.495963 0.125917 0.160010 0.806163
0 0.975829 0.487070 0.037173 0.148268 0.795121
2 0.907446 0.836660 0.183817 0.308640 0.760826
2 0.521658 0.479343 0.110153 0.160425 0.758707
2 0.364324 0.470633 0.029963 0.064326 0.629113
2 0.072580 0.515329 0.144251 0.210845 0.606140
2 0.496350 0.930463 0.713080 0.118400 0.399074
2 0.598096 0.931222 0.476016 0.115866 0.395940
7 0.182996 0.421033 0.083916 0.080405 0.327762
