2 0.752651 0.601950 0.187887 0.228750 0.911912
2 0.368925 0.576191 0.086009 0.105506 0.862367
2 0.660333 0.566485 0.092475 0.171366 0.837921
2 0.501662 0.551513 0.050558 0.074811 0.792918
2 0.175435 0.609440 0.310400 0.332791 0.778345
2 0.043243 0.598849 0.086172 0.164176 0.774489
2 0.414377 0.556540 0.051214 0.073302 0.768776
2 0.617390 0.555249 0.040430 0.132381 0.727605
2 0.469851 0.536964 0.017765 0.030869 0.674146
2 0.574897 0.552806 0.028078 0.063602 0.568929
2 0.590307 0.560463 0.026377 0.089014 0.544727
2 0.558057 0.545396 0.023136 0.059554 0.529516
7 0.175294 0.609507 0.310689 0.332157 0.448323
2 0.550148 0.541524 0.028655 0.053304 0.426646
2 0.442477 0.541523 0.016426 0.028895 0.378987
