2 0.953433 0.600418 0.089179 0.078401 0.785562
7 0.794669 0.590068 0.184528 0.124555 0.775772
0 0.563343 0.668223 0.038964 0.257004 0.744332
0 0.459925 0.575968 0.017245 0.081570 0.621172
9 0.172077 0.326942 0.017511 0.061704 0.608669
0 0.192001 0.678200 0.054898 0.314797 0.585139
0 0.457322 0.576039 0.014055 0.078548 0.573028
0 0.024391 0.576874 0.014858 0.074367 0.552486
9 0.380944 0.363484 0.011205 0.044001 0.470817
0 0.643954 0.584644 0.016309 0.070330 0.465360
0 0.355540 0.581446 0.026945 0.084486 0.371186
0 0.662141 0.584722 0.015734 0.063222 0.338137
0 0.665505 0.584434 0.012392 0.062355 0.316823
0 0.468983 0.576549 0.012972 0.074707 0.313156
9 0.984789 0.435555 0.030015 0.057820 0.311211
0 0.657542 0.583402 0.017802 0.066243 0.290846
0 0.336948 0.567237 0.012695 0.061590 0.281617
26 0.215658 0.739481 0.045757 0.098061 0.267902
0 0.099441 0.568292 0.015994 0.059670 0.266120
24 0.584989 0.633233 0.021249 0.079622 0.253202
