2 0.105025 0.371800 0.133188 0.153430 0.913290
2 0.026761 0.381057 0.053178 0.175671 0.905239
0 0.725561 0.439445 0.040795 0.158911 0.803381
2 0.297615 0.364942 0.050668 0.056710 0.790120
2 0.499618 0.819255 0.994346 0.330917 0.747486
7 0.526613 0.382112 0.053895 0.077989 0.662068
2 0.494397 0.374748 0.023678 0.041081 0.528744
2 0.771456 0.395714 0.057408 0.079224 0.465475
2 0.355383 0.364703 0.024087 0.038482 0.463967
2 0.759708 0.396914 0.035333 0.077354 0.415233
7 0.323510 0.358426 0.040969 0.057572 0.342676
2 0.381166 0.362842 0.026704 0.028599 0.311346
2 0.469779 0.363428 0.018906 0.024932 0.303654
2 0.420071 0.358067 0.014186 0.016085 0.299894
2 0.323551 0.358552 0.041114 0.059218 0.287815
