2 0.932331 0.628590 0.134127 0.305871 0.927785
2 0.702713 0.445451 0.143506 0.164544 0.908010
2 0.345446 0.433053 0.138441 0.145131 0.898874
2 0.516921 0.423175 0.097557 0.135774 0.856215
2 0.634693 0.407790 0.063120 0.097291 0.848936
7 0.597672 0.367185 0.061664 0.099989 0.768599
2 0.132662 0.514083 0.263504 0.480731 0.759243
2 0.424596 0.403805 0.060897 0.080127 0.713018
2 0.461317 0.378828 0.033718 0.048148 0.643297
2 0.499649 0.842429 0.993493 0.284987 0.622235
2 0.525083 0.351704 0.060992 0.058006 0.274187
