2 0.049564 0.729127 0.098655 0.266974 0.886356
0 0.916414 0.653895 0.042265 0.169412 0.850291
0 0.972105 0.645999 0.042894 0.179998 0.809555
0 0.851061 0.654562 0.027031 0.162244 0.760840
2 0.285158 0.647246 0.029550 0.048405 0.700165
0 0.795158 0.654648 0.038430 0.151616 0.681721
0 0.627023 0.649862 0.018125 0.088233 0.610541
0 0.540792 0.615854 0.022685 0.112884 0.579109
5 0.057549 0.650437 0.115099 0.197751 0.567141
2 0.738947 0.628364 0.041651 0.100500 0.552383
2 0.393720 0.756295 0.243988 0.419306 0.495919
2 0.187841 0.634032 0.082842 0.070905 0.462479
0 0.660885 0.655723 0.018156 0.098449 0.426894
0 0.675851 0.653145 0.020656 0.112594 0.424862
7 0.700394 0.625656 0.042676 0.128380 0.407480
0 0.779045 0.688146 0.029129 0.092659 0.313824
7 0.057931 0.650872 0.114711 0.197829 0.308388
7 0.188936 0.635729 0.082508 0.074060 0.291696
