2 0.695417 0.506273 0.121508 0.127128 0.873418
0 0.103243 0.551728 0.053251 0.149881 0.800490
0 0.987850 0.489939 0.023433 0.109008 0.729457
0 0.084703 0.548567 0.019829 0.089567 0.681055
2 0.639700 0.485860 0.038245 0.082437 0.633318
0 0.303391 0.504455 0.011019 0.060197 0.542025
0 0.880333 0.481181 0.022963 0.082165 0.477779
0 0.899002 0.472618 0.017071 0.085979 0.415836
0 0.269021 0.508498 0.013618 0.075014 0.407044
9 0.127076 0.057918 0.034345 0.115375 0.405215
0 0.224200 0.513578 0.014589 0.068760 0.372538
9 0.148403 0.277898 0.014055 0.046657 0.345521
5 0.603842 0.473422 0.061120 0.070418 0.342360
7 0.604311 0.473742 0.060631 0.070552 0.333487
0 0.158332 0.528391 0.015715 0.070453 0.317060
0 0.330296 0.504220 0.009841 0.047790 0.315947
0 0.177828 0.513764 0.015035 0.060905 0.311951
0 0.281676 0.503421 0.008929 0.044227 0.305842
0 0.321568 0.505418 0.012287 0.051776 0.281612
9 0.257705 0.292112 0.015827 0.044335 0.269340
0 0.913918 0.476457 0.014237 0.069004 0.264266
9 0.634137 0.314015 0.009328 0.035502 0.263265
1 0.906926 0.492641 0.023070 0.050436 0.255205
