2 0.790552 0.480968 0.134579 0.145169 0.886350
2 0.479365 0.447512 0.092051 0.102951 0.885937
2 0.916990 0.502302 0.164936 0.450225 0.870345
10 0.235649 0.506950 0.026481 0.102921 0.840805
2 0.731466 0.444943 0.093639 0.126258 0.725886
2 0.648614 0.417606 0.025820 0.032302 0.651577
2 0.536814 0.435876 0.023470 0.059328 0.570442
2 0.686169 0.439102 0.022681 0.092845 0.496936
2 0.584831 0.415284 0.019346 0.027703 0.429117
2 0.509444 0.430325 0.049391 0.077846 0.393345
2 0.680017 0.438498 0.028222 0.088362 0.335428
2 0.009325 0.644561 0.018419 0.128396 0.285943
