2 0.158092 0.683930 0.314725 0.402689 0.932480
0 0.874315 0.685231 0.076182 0.310585 0.889650
2 0.623707 0.614872 0.066242 0.136495 0.838069
2 0.368332 0.602901 0.058139 0.098732 0.801388
2 0.983282 0.643129 0.032791 0.139444 0.778139
0 0.689207 0.625768 0.027719 0.126544 0.648829
9 0.351615 0.159199 0.017816 0.089683 0.635298
7 0.492319 0.646129 0.227681 0.413391 0.634393
9 0.332052 0.159228 0.018896 0.081990 0.610745
2 0.492398 0.646626 0.226950 0.414286 0.577215
9 0.628842 0.320552 0.030545 0.063068 0.504999
2 0.667582 0.619508 0.028832 0.086414 0.437018
9 0.635319 0.320021 0.018227 0.062641 0.397301
9 0.620607 0.321594 0.016033 0.059478 0.348811
9 0.363850 0.160488 0.013779 0.089256 0.329807
2 0.597928 0.533643 0.030336 0.046346 0.326094
