2 0.355878 0.457844 0.102116 0.123180 0.916995
2 0.491829 0.455371 0.113471 0.172809 0.893365
0 0.640261 0.421540 0.016832 0.089109 0.657752
58 0.953134 0.427099 0.093150 0.627816 0.626341
9 0.505720 0.156647 0.013125 0.059420 0.624900
5 0.400481 0.385923 0.064881 0.097097 0.527727
58 0.849790 0.410394 0.146891 0.465296 0.512633
2 0.373060 0.407082 0.048523 0.049819 0.462693
9 0.864695 0.234606 0.032269 0.048345 0.395345
7 0.400353 0.385314 0.065564 0.095877 0.394963
0 0.661592 0.425526 0.022780 0.079452 0.367131
9 0.502080 0.157611 0.019305 0.058292 0.359043
9 0.909777 0.225237 0.015109 0.052780 0.358211
14 0.760693 0.602159 0.040565 0.056277 0.346142
9 0.895705 0.232359 0.013235 0.044776 0.329047
9 0.248970 0.109708 0.018222 0.046585 0.324575
58 0.867560 0.522896 0.110086 0.243836 0.278406
2 0.371471 0.398535 0.045493 0.036225 0.277221
