2 0.055932 0.386472 0.111449 0.106297 0.902335
2 0.859728 0.435701 0.122346 0.140000 0.882234
2 0.547055 0.388420 0.066910 0.097763 0.879310
2 0.791328 0.407339 0.095689 0.125197 0.876647
7 0.652452 0.347898 0.066692 0.125507 0.789979
2 0.931909 0.464185 0.134999 0.254199 0.789475
2 0.155289 0.368894 0.098850 0.102220 0.732788
2 0.742096 0.393452 0.061273 0.103008 0.724190
7 0.384448 0.355785 0.065200 0.102019 0.694353
2 0.228008 0.364498 0.068677 0.082865 0.619534
2 0.325994 0.358859 0.030219 0.054451 0.569164
2 0.699415 0.378737 0.033336 0.052035 0.551408
2 0.292079 0.360848 0.050700 0.065767 0.485303
2 0.299522 0.362200 0.035383 0.061085 0.477373
2 0.264662 0.372596 0.029244 0.052090 0.430610
2 0.473937 0.358394 0.028588 0.054989 0.408532
2 0.716411 0.394468 0.035276 0.068193 0.343943
2 0.710684 0.390739 0.025019 0.066318 0.330107
2 0.499385 0.847761 0.993288 0.274146 0.324093
7 0.475340 0.357447 0.031470 0.055035 0.302978
2 0.579406 0.364854 0.015124 0.039949 0.252537
