0 0.686977 0.535302 0.039162 0.217909 0.699924
0 0.747025 0.534361 0.033622 0.208823 0.643910
2 0.037283 0.482300 0.074316 0.106658 0.602322
2 0.292928 0.482288 0.054893 0.077588 0.585048
0 0.721375 0.525016 0.039886 0.166162 0.490675
2 0.229843 0.468808 0.028893 0.043189 0.484351
2 0.902753 0.918838 0.193592 0.152500 0.462250
2 0.172838 0.471369 0.033835 0.044057 0.349582
2 0.178417 0.469513 0.028118 0.041128 0.338594
2 0.201369 0.466095 0.018856 0.036424 0.265127
2 0.082366 0.464800 0.082497 0.090874 0.255934
2 0.071537 0.469500 0.074874 0.095944 0.250584
