9 0.201949 0.054618 0.022718 0.097239 0.774011
2 0.502311 0.359933 0.089359 0.104572 0.772814
2 0.812915 0.341827 0.071276 0.079903 0.768921
2 0.719232 0.346573 0.077567 0.106143 0.757684
7 0.140287 0.309040 0.160070 0.164043 0.552009
2 0.251971 0.338443 0.068253 0.071658 0.544140
2 0.989453 0.332313 0.020321 0.038895 0.542674
7 0.773661 0.303567 0.052703 0.091187 0.499161
9 0.172446 0.050830 0.026925 0.095068 0.497372
2 0.605803 0.318812 0.035160 0.042247 0.495832
2 0.039021 0.339532 0.060290 0.102358 0.395243
2 0.019692 0.329047 0.038989 0.054847 0.347039
2 0.324284 0.324935 0.099789 0.067670 0.341040
9 0.391898 0.151482 0.020954 0.045019 0.340978
2 0.642348 0.318258 0.033306 0.040447 0.283732
