2 0.284251 0.451961 0.120379 0.154838 0.900617
2 0.108704 0.687356 0.217375 0.566309 0.871655
0 0.912552 0.536878 0.072817 0.360048 0.765747
2 0.471352 0.416601 0.043412 0.055000 0.764698
0 0.666607 0.428707 0.027185 0.140523 0.743432
2 0.350284 0.413135 0.046624 0.069452 0.663893
2 0.083893 0.455394 0.167042 0.177839 0.597485
0 0.645421 0.431573 0.018321 0.111817 0.548077
0 0.751317 0.437745 0.022986 0.156918 0.502486
2 0.172420 0.425432 0.050580 0.080312 0.447175
2 0.410673 0.394000 0.030734 0.044108 0.441907
0 0.733159 0.426629 0.019096 0.137076 0.398259
2 0.867605 0.847991 0.263738 0.280033 0.265199
