5 0.129263 0.441966 0.256859 0.880729 0.941964
2 0.838773 0.605197 0.321638 0.392333 0.913701
2 0.612026 0.510166 0.105080 0.109628 0.877784
2 0.689783 0.531443 0.090652 0.142553 0.870637
2 0.285095 0.542072 0.065929 0.142782 0.855282
2 0.549941 0.490209 0.056598 0.089333 0.809421
2 0.409336 0.573120 0.162392 0.253582 0.797074
2 0.323576 0.505514 0.052229 0.086018 0.684907
2 0.517059 0.478677 0.033206 0.063217 0.516115
9 0.673219 0.354692 0.015076 0.045698 0.454461
5 0.451477 0.402871 0.146556 0.304473 0.400034
