2 0.491272 0.471109 0.034236 0.055810 0.753054
7 0.609498 0.484985 0.148629 0.205699 0.723400
2 0.510125 0.485572 0.034568 0.079036 0.713808
2 0.527577 0.493289 0.034156 0.100430 0.708077
2 0.498881 0.894370 0.990783 0.189541 0.490682
0 0.907255 0.506333 0.026967 0.207104 0.466810
2 0.459542 0.463162 0.022864 0.036531 0.454951
0 0.895834 0.492764 0.028937 0.187456 0.448745
2 0.377007 0.452501 0.033122 0.059795 0.376226
7 0.050406 0.447733 0.099435 0.090519 0.345909
2 0.052137 0.447425 0.095599 0.093357 0.341452
7 0.376975 0.451675 0.032794 0.061377 0.273362
