2 0.825427 0.449417 0.175052 0.152192 0.849554
2 0.387892 0.385738 0.031558 0.042796 0.838762
2 0.613997 0.408377 0.053252 0.103485 0.824994
2 0.657225 0.402896 0.048902 0.082034 0.785155
2 0.440730 0.388923 0.043577 0.072642 0.764330
2 0.548928 0.461840 0.135724 0.221634 0.757861
2 0.468351 0.378738 0.025443 0.039219 0.648213
7 0.256878 0.411424 0.116692 0.141625 0.601097
2 0.411763 0.376673 0.019964 0.026704 0.533324
2 0.256805 0.411808 0.116636 0.141119 0.488124
2 0.132460 0.387387 0.037196 0.044405 0.384325
2 0.500701 0.868835 0.994694 0.218207 0.370597
2 0.980002 0.686125 0.039038 0.289326 0.359691
3 0.980243 0.681766 0.038645 0.274416 0.274418
