5 0.079886 0.482422 0.158146 0.726251 0.847163
2 0.425314 0.535089 0.078210 0.105828 0.838372
2 0.691901 0.534480 0.072209 0.084817 0.835967
2 0.862371 0.576051 0.232646 0.231325 0.835318
2 0.370030 0.532111 0.041696 0.053290 0.784513
2 0.477802 0.523375 0.034571 0.057737 0.770644
2 0.191819 0.552682 0.089831 0.163787 0.722223
2 0.323413 0.542975 0.065422 0.071086 0.698354
2 0.544687 0.512627 0.029364 0.046363 0.688687
2 0.632023 0.511653 0.045263 0.066943 0.630372
2 0.588653 0.508496 0.020648 0.039755 0.547912
2 0.651699 0.525724 0.039794 0.066030 0.530944
2 0.636693 0.516116 0.036221 0.062782 0.481452
2 0.510421 0.502987 0.031191 0.027343 0.454790
2 0.604060 0.512169 0.020763 0.048384 0.447160
2 0.641235 0.521218 0.034100 0.058179 0.413709
2 0.661066 0.525516 0.031683 0.066875 0.393039
2 0.533265 0.930541 0.926996 0.119057 0.368360
2 0.341886 0.538417 0.031933 0.060651 0.352661
2 0.990987 0.645149 0.017340 0.196609 0.254426
