2 0.881039 0.655384 0.236759 0.496437 0.920912
2 0.692086 0.612426 0.234638 0.270360 0.916591
2 0.069832 0.613223 0.123213 0.121630 0.881208
2 0.525430 0.584584 0.062087 0.128747 0.878086
2 0.571477 0.591781 0.089043 0.173055 0.864060
2 0.483605 0.573610 0.045023 0.075791 0.802984
2 0.142584 0.597804 0.050544 0.087110 0.760516
2 0.458422 0.566558 0.025813 0.059069 0.728692
2 0.245665 0.581325 0.041554 0.052783 0.718663
2 0.180934 0.587314 0.055696 0.079038 0.668554
2 0.437236 0.564404 0.022754 0.037304 0.527204
2 0.400964 0.553645 0.016677 0.024871 0.395200
2 0.277936 0.573665 0.028637 0.045077 0.321712
2 0.270864 0.575642 0.021141 0.046881 0.311110
2 0.419268 0.554933 0.015342 0.032125 0.294019
2 0.278878 0.574929 0.021076 0.043241 0.257096
