2 0.201897 0.478637 0.112961 0.109437 0.820072
2 0.285868 0.464517 0.063225 0.084108 0.767260
2 0.094838 0.478619 0.115336 0.107783 0.735676
2 0.020427 0.485276 0.040779 0.137828 0.690130
2 0.970288 0.514138 0.058237 0.077951 0.577958
2 0.802201 0.488794 0.039497 0.052818 0.432579
2 0.923827 0.503487 0.051750 0.073380 0.395999
2 0.849001 0.485599 0.034758 0.035264 0.366515
2 0.916405 0.497454 0.064293 0.063496 0.363263
2 0.664362 0.466633 0.030924 0.029113 0.275324
2 0.619692 0.461384 0.026615 0.034723 0.263475
