2 0.941155 0.547348 0.117673 0.100125 0.865499
2 0.739375 0.509843 0.050657 0.058198 0.777172
2 0.985349 0.571259 0.028609 0.081538 0.695198
2 0.799900 0.522602 0.050519 0.065616 0.667319
2 0.872051 0.515081 0.118192 0.094558 0.611111
2 0.168802 0.511804 0.070931 0.046759 0.550527
2 0.007201 0.505311 0.014287 0.048173 0.532593
2 0.232915 0.498524 0.042992 0.048429 0.457398
2 0.775051 0.506357 0.033494 0.044943 0.432486
2 0.292991 0.499427 0.047792 0.037148 0.370661
2 0.360948 0.491165 0.024120 0.024883 0.351025
7 0.404039 0.486266 0.043835 0.043725 0.319337
2 0.654393 0.497484 0.017532 0.025122 0.312804
2 0.187803 0.510899 0.034124 0.045264 0.274077
2 0.301006 0.501971 0.034401 0.033749 0.258375
