7 0.513784 0.361936 0.095048 0.192901 0.871840
2 0.267859 0.432349 0.055954 0.070744 0.845937
2 0.180548 0.443278 0.125983 0.143546 0.696962
2 0.304961 0.418912 0.037125 0.056377 0.601702
0 0.618638 0.408075 0.014877 0.079910 0.519433
0 0.628940 0.405742 0.014565 0.079070 0.514511
2 0.335486 0.413095 0.025998 0.042540 0.482968
7 0.573941 0.397952 0.039136 0.078854 0.410002
2 0.573466 0.402083 0.038575 0.068991 0.381313
2 0.190719 0.357753 0.046640 0.034399 0.259221
2 0.460499 0.392405 0.013681 0.023401 0.257770
2 0.437282 0.390132 0.014226 0.020815 0.256408
