2 0.054141 0.576104 0.108094 0.148930 0.861464
2 0.157310 0.537396 0.094242 0.100371 0.816817
2 0.387135 0.519406 0.059599 0.094117 0.812067
2 0.263476 0.516484 0.051300 0.059141 0.810681
0 0.869174 0.539677 0.057072 0.233642 0.753839
0 0.957095 0.540670 0.053965 0.294104 0.642919
0 0.797823 0.506855 0.039991 0.203621 0.640467
0 0.761674 0.519544 0.039549 0.217562 0.632197
2 0.309661 0.508576 0.026820 0.035179 0.606190
0 0.725984 0.515757 0.035758 0.200394 0.530440
0 0.680965 0.544487 0.035605 0.224392 0.490631
0 0.704510 0.552185 0.033484 0.223481 0.481316
2 0.348122 0.498455 0.021193 0.032627 0.387403
0 0.691455 0.549057 0.053714 0.221043 0.277389
0 0.545895 0.520702 0.019186 0.089099 0.251392
