2 0.852136 0.449096 0.295036 0.305262 0.852622
2 0.695950 0.383438 0.135201 0.158317 0.819906
2 0.296076 0.373910 0.154214 0.217587 0.791704
2 0.512323 0.354609 0.060953 0.083759 0.781821
2 0.376623 0.364035 0.074560 0.140327 0.748610
2 0.449495 0.341920 0.037808 0.060150 0.653887
2 0.147180 0.420186 0.293675 0.396456 0.605885
2 0.628892 0.368731 0.057272 0.105687 0.586057
2 0.595460 0.350967 0.050058 0.070444 0.532520
2 0.962295 0.596366 0.074934 0.324959 0.496420
2 0.625451 0.375555 0.049374 0.083114 0.488615
2 0.415507 0.351116 0.048154 0.100684 0.459650
2 0.423543 0.352767 0.032261 0.098214 0.429816
2 0.503727 0.836557 0.992546 0.307817 0.345872
2 0.582072 0.345909 0.032767 0.064269 0.267756
