2 0.245523 0.567849 0.183842 0.186178 0.908874
0 0.649912 0.504055 0.027104 0.134055 0.746650
2 0.415736 0.515476 0.045177 0.070082 0.730192
9 0.160175 0.268050 0.017526 0.075677 0.642741
0 0.712723 0.494352 0.021479 0.099414 0.637310
2 0.354717 0.531710 0.093277 0.109948 0.608112
5 0.487242 0.456283 0.105360 0.239282 0.598362
9 0.600964 0.051791 0.027758 0.096285 0.566898
0 0.837116 0.493310 0.022046 0.087746 0.505926
0 0.691819 0.486746 0.021331 0.128078 0.491681
9 0.675005 0.318487 0.015624 0.071638 0.475250
0 0.141241 0.540262 0.024574 0.103095 0.375916
2 0.038588 0.699663 0.076719 0.175005 0.318743
5 0.332174 0.427140 0.075807 0.116034 0.263408
0 0.110593 0.530456 0.024920 0.119778 0.258768
