2 0.302821 0.673368 0.142412 0.167354 0.877534
2 0.751707 0.632565 0.146251 0.160345 0.847921
2 0.146952 0.731807 0.275017 0.283614 0.814350
2 0.383741 0.634176 0.094401 0.127202 0.778522
2 0.465323 0.612817 0.044678 0.070290 0.769467
2 0.432954 0.625851 0.048304 0.094124 0.726372
2 0.559535 0.635993 0.083471 0.106986 0.662390
2 0.678350 0.588503 0.083691 0.118990 0.654711
2 0.032479 0.824333 0.064697 0.324305 0.531858
5 0.137398 0.656979 0.274796 0.654335 0.389402
9 0.397592 0.481735 0.014131 0.077111 0.375640
2 0.506691 0.604906 0.023987 0.050677 0.362832
2 0.492333 0.603974 0.037084 0.061784 0.313867
5 0.136629 0.541892 0.273031 0.418456 0.254733
