2 0.941757 0.599031 0.115307 0.192822 0.879888
2 0.644653 0.577527 0.077534 0.094365 0.843354
2 0.109887 0.551655 0.218878 0.330061 0.831262
2 0.437788 0.570558 0.043405 0.063640 0.705160
9 0.669195 0.280650 0.015694 0.058817 0.650831
0 0.877443 0.588732 0.030690 0.128621 0.548368
9 0.649550 0.282069 0.015544 0.055462 0.539723
2 0.597351 0.555369 0.025698 0.043060 0.535913
2 0.531926 0.564537 0.046392 0.073526 0.465520
9 0.497166 0.324847 0.015842 0.049226 0.373070
9 0.831368 0.484334 0.009256 0.032229 0.365389
9 0.483884 0.323816 0.014694 0.048971 0.327697
2 0.483779 0.551495 0.020301 0.028945 0.311182
7 0.531875 0.564437 0.046793 0.074267 0.264739
