2 0.690611 0.537701 0.206595 0.235727 0.884152
2 0.299748 0.483754 0.054169 0.067189 0.773610
2 0.056063 0.516760 0.111881 0.212698 0.702912
2 0.586002 0.525432 0.050680 0.113391 0.557168
2 0.481587 0.470458 0.029212 0.044102 0.549180
2 0.573378 0.519786 0.073486 0.108321 0.487017
2 0.193473 0.482596 0.124049 0.138815 0.467681
2 0.559801 0.507029 0.051038 0.085126 0.443898
2 0.502863 0.483126 0.029167 0.059176 0.439851
7 0.192897 0.482474 0.124214 0.137204 0.380348
2 0.528090 0.487576 0.056961 0.078267 0.354693
2 0.357980 0.473003 0.035622 0.039436 0.311373
2 0.525752 0.491360 0.043187 0.067783 0.294530
2 0.455246 0.463639 0.014983 0.029279 0.290728
