2 0.811017 0.369898 0.250744 0.278383 0.914449
2 0.550787 0.333633 0.097208 0.129981 0.818628
2 0.321460 0.342369 0.067268 0.091943 0.798299
2 0.452281 0.335562 0.085070 0.106286 0.791326
2 0.964105 0.316099 0.070620 0.210523 0.782868
2 0.692084 0.302930 0.090721 0.185241 0.707249
9 0.530440 0.137799 0.009971 0.037859 0.438617
2 0.921074 0.285721 0.076197 0.101067 0.418621
9 0.626304 0.133065 0.013232 0.040644 0.410339
2 0.502538 0.793019 0.994464 0.256142 0.406770
0 0.184324 0.350855 0.019019 0.090432 0.345896
9 0.330215 0.035247 0.021636 0.062350 0.309590
9 0.832918 0.111534 0.019269 0.070910 0.288617
0 0.237573 0.351810 0.018721 0.079592 0.276676
