2 0.470199 0.515011 0.190433 0.296539 0.899849
0 0.071675 0.451910 0.038586 0.150603 0.742249
0 0.227761 0.435883 0.023022 0.112858 0.718101
0 0.025523 0.493354 0.051025 0.388849 0.706526
0 0.627261 0.445685 0.019887 0.085498 0.646172
2 0.810012 0.610776 0.378223 0.701433 0.597522
0 0.351381 0.426198 0.022027 0.092428 0.507170
0 0.591732 0.423768 0.015907 0.074716 0.477321
0 0.193230 0.431602 0.020166 0.088144 0.364734
7 0.810140 0.610911 0.378323 0.702021 0.338477
0 0.588825 0.423887 0.015887 0.073807 0.328165
5 0.810148 0.609201 0.377888 0.699397 0.288081
0 0.322002 0.433916 0.015952 0.090563 0.284385
