2 0.487019 0.441665 0.052841 0.060136 0.814562
2 0.799883 0.543326 0.135319 0.164712 0.813849
2 0.409475 0.484942 0.070574 0.088591 0.768168
2 0.521022 0.426882 0.029341 0.049391 0.657000
2 0.315335 0.523361 0.142789 0.125719 0.590439
2 0.750831 0.500446 0.073088 0.109413 0.565588
0 0.823802 0.444589 0.016605 0.046362 0.558762
2 0.542001 0.412738 0.026555 0.041020 0.520427
10 0.193822 0.561404 0.018803 0.060894 0.493537
2 0.733688 0.464813 0.080613 0.090112 0.433936
2 0.684043 0.429299 0.022640 0.046402 0.386233
2 0.337041 0.519140 0.098591 0.114215 0.336449
0 0.006487 0.558497 0.012974 0.200016 0.334959
2 0.704404 0.448426 0.037840 0.078118 0.327979
2 0.695480 0.433081 0.037187 0.053585 0.315769
2 0.720576 0.464686 0.050627 0.095566 0.311783
2 0.676645 0.414488 0.036708 0.050568 0.306292
2 0.713115 0.448392 0.054940 0.072069 0.300521
2 0.713854 0.458416 0.046631 0.078653 0.282490
