2 0.164205 0.477310 0.117240 0.118802 0.746461
2 0.312760 0.473599 0.058372 0.069724 0.701659
2 0.265563 0.472885 0.048368 0.055047 0.699653
2 0.549363 0.480538 0.045797 0.062949 0.589747
7 0.944955 0.659666 0.108681 0.392960 0.523848
2 0.466553 0.468822 0.021653 0.037119 0.511860
2 0.038037 0.481944 0.075897 0.130067 0.465926
2 0.372274 0.471355 0.021760 0.027825 0.452622
2 0.405863 0.458520 0.018791 0.028600 0.427698
2 0.948182 0.664121 0.102666 0.395772 0.425918
2 0.505482 0.475689 0.026108 0.035175 0.401610
2 0.056430 0.469607 0.049849 0.061843 0.351021
2 0.432662 0.469613 0.023006 0.033703 0.337152
2 0.373605 0.467609 0.022206 0.030375 0.283707
