2 0.718575 0.509621 0.173880 0.202165 0.850129
2 0.636015 0.490088 0.069972 0.133061 0.829007
0 0.908333 0.479942 0.032639 0.179743 0.813614
0 0.956355 0.476871 0.033149 0.170016 0.760790
2 0.428831 0.485087 0.043837 0.065769 0.727039
2 0.557038 0.480689 0.054811 0.038516 0.662564
2 0.316341 0.484654 0.050375 0.062664 0.632118
2 0.005936 0.513644 0.011762 0.091820 0.618200
2 0.215498 0.496454 0.101860 0.083579 0.548116
2 0.393290 0.479690 0.022186 0.029919 0.366219
2 0.543841 0.479029 0.040380 0.038207 0.289681
2 0.367033 0.483530 0.027108 0.027050 0.271138
2 0.359709 0.486813 0.034979 0.029290 0.255408
