7 0.100430 0.463984 0.200860 0.147547 0.851301
2 0.549606 0.422340 0.078555 0.104681 0.790064
2 0.231991 0.440073 0.082256 0.080260 0.776305
2 0.297299 0.433550 0.036445 0.060618 0.764985
7 0.849163 0.442182 0.299031 0.340252 0.735982
2 0.275901 0.436645 0.034322 0.070143 0.660123
2 0.614944 0.420668 0.075944 0.183621 0.597211
2 0.338787 0.427191 0.034147 0.046741 0.583087
2 0.313793 0.426340 0.025890 0.050876 0.540960
2 0.496411 0.418650 0.055601 0.080901 0.533955
2 0.735887 0.416075 0.240036 0.229514 0.422680
2 0.987664 0.613730 0.023759 0.207183 0.311466
