2 0.909332 0.622198 0.179886 0.456255 0.821609
2 0.412117 0.531937 0.081590 0.100582 0.595209
7 0.811623 0.552664 0.264312 0.321408 0.547239
3 0.247124 0.617089 0.136887 0.198247 0.536801
2 0.457038 0.489850 0.048372 0.074011 0.527547
3 0.062124 0.764372 0.123876 0.391485 0.467745
3 0.134782 0.701220 0.146625 0.293446 0.454181
2 0.546780 0.509278 0.054346 0.092509 0.450598
2 0.630158 0.502850 0.028166 0.062112 0.379917
0 0.534753 0.505341 0.026972 0.101689 0.359999
3 0.202064 0.668262 0.092754 0.265167 0.359694
2 0.625575 0.508350 0.037011 0.078862 0.337128
2 0.496815 0.486506 0.028787 0.041747 0.336023
2 0.636925 0.519495 0.023740 0.088101 0.322575
3 0.239630 0.664143 0.156270 0.267678 0.319136
2 0.580558 0.496854 0.020414 0.040976 0.313983
0 0.547874 0.507529 0.054158 0.107664 0.309654
3 0.107723 0.710255 0.200554 0.312240 0.297343
2 0.496576 0.462833 0.028786 0.050846 0.295032
2 0.608447 0.501246 0.030887 0.065005 0.274639
2 0.822498 0.552970 0.285630 0.322279 0.268198
