2 0.114992 0.560655 0.229050 0.385274 0.935014
2 0.858842 0.697515 0.280746 0.346008 0.932005
2 0.713532 0.588938 0.212220 0.224652 0.872123
2 0.594273 0.546268 0.090917 0.150287 0.841038
2 0.325364 0.518223 0.095601 0.124829 0.818743
2 0.543183 0.540844 0.036469 0.080492 0.729187
2 0.500681 0.522206 0.032447 0.044898 0.639244
2 0.378127 0.517984 0.032621 0.081748 0.569053
2 0.470490 0.521324 0.028675 0.028802 0.528350
9 0.494483 0.397021 0.010587 0.025292 0.311026
9 0.084471 0.208736 0.032264 0.139022 0.277278
