2 0.441983 0.605357 0.208069 0.247697 0.918978
2 0.756740 0.601616 0.193595 0.141967 0.871941
2 0.327826 0.528314 0.053142 0.073196 0.844299
2 0.630021 0.571579 0.119107 0.102355 0.821882
2 0.226427 0.520615 0.044137 0.048054 0.811482
2 0.125662 0.512877 0.040224 0.045353 0.704496
2 0.298069 0.509922 0.031661 0.046455 0.562530
2 0.076111 0.509180 0.045782 0.057321 0.410033
2 0.178715 0.498585 0.029327 0.030874 0.400740
2 0.017093 0.515588 0.025088 0.069274 0.369990
2 0.031999 0.511142 0.046010 0.062282 0.348957
2 0.066555 0.510139 0.051893 0.059293 0.342047
