2 0.955504 0.498962 0.087997 0.256710 0.825466
2 0.036899 0.450889 0.073712 0.108560 0.806142
2 0.055702 0.418236 0.067960 0.068306 0.432198
2 0.539728 0.444497 0.057632 0.085026 0.416601
2 0.594260 0.452916 0.037739 0.058732 0.395432
2 0.470904 0.445588 0.066311 0.065600 0.378041
9 0.915277 0.073686 0.054431 0.126595 0.370028
2 0.835913 0.462736 0.098963 0.069984 0.311496
2 0.111687 0.427819 0.047843 0.054153 0.310303
2 0.049985 0.410004 0.054681 0.053775 0.287846
2 0.101536 0.428691 0.066258 0.062951 0.281800
2 0.277082 0.432075 0.041731 0.046533 0.255159
