5 0.077505 0.349384 0.154497 0.231992 0.894112
2 0.901728 0.570325 0.195641 0.316194 0.864615
2 0.090621 0.679364 0.180530 0.541157 0.851711
2 0.188502 0.392393 0.073157 0.098209 0.752395
2 0.348055 0.359750 0.031159 0.041428 0.723804
2 0.288527 0.371818 0.047609 0.060911 0.678375
2 0.239331 0.385460 0.050260 0.074098 0.641687
2 0.628323 0.370207 0.057235 0.062659 0.627210
2 0.571098 0.357958 0.027835 0.039687 0.484687
2 0.590141 0.365351 0.024227 0.039195 0.450780
2 0.296206 0.370717 0.033587 0.057829 0.449967
2 0.801089 0.366001 0.108033 0.063634 0.419145
2 0.379653 0.356022 0.023233 0.028651 0.397007
2 0.576731 0.361755 0.030827 0.041452 0.378238
2 0.253173 0.383451 0.024415 0.069341 0.366858
2 0.554222 0.356920 0.030238 0.034073 0.357199
2 0.549153 0.355091 0.022953 0.024688 0.346736
2 0.248266 0.381850 0.036464 0.067943 0.316444
2 0.373794 0.357884 0.022826 0.033897 0.308660
