7 0.786987 0.322967 0.182416 0.334631 0.867729
2 0.073482 0.491566 0.138939 0.108225 0.697467
2 0.181132 0.483947 0.084702 0.081724 0.626382
2 0.610882 0.400194 0.033119 0.042632 0.563365
2 0.497069 0.850963 0.992082 0.284912 0.445132
2 0.686417 0.419525 0.028857 0.072547 0.429641
0 0.962808 0.428797 0.026639 0.098220 0.427446
2 0.322405 0.426102 0.032739 0.067886 0.379078
2 0.407257 0.407787 0.035991 0.050984 0.346087
2 0.402658 0.411248 0.046489 0.056586 0.298093
2 0.413922 0.403617 0.022637 0.039139 0.294855
2 0.563103 0.383759 0.027477 0.034307 0.263707
