0 0.843446 0.830047 0.100823 0.334690 0.854999
2 0.318842 0.887711 0.097727 0.138372 0.842907
2 0.859105 0.812335 0.281790 0.280853 0.740906
9 0.305114 0.191836 0.033828 0.120791 0.681171
2 0.466413 0.853387 0.064282 0.099021 0.671827
2 0.926691 0.807545 0.145829 0.273019 0.627751
0 0.679586 0.816511 0.024390 0.120256 0.589195
9 0.355441 0.191816 0.033445 0.119447 0.571468
2 0.192312 0.880173 0.036093 0.058252 0.549622
0 0.014648 0.911578 0.018397 0.095837 0.539551
2 0.169862 0.888285 0.059279 0.068177 0.517655
0 0.788004 0.750424 0.026381 0.074394 0.468003
2 0.265690 0.859738 0.026795 0.029021 0.454300
0 0.108494 0.889471 0.014033 0.051673 0.353299
9 0.329067 0.187708 0.021833 0.136324 0.325911
2 0.186758 0.882254 0.031784 0.061406 0.325337
2 0.397829 0.842014 0.021839 0.029081 0.316116
0 0.605877 0.830290 0.022895 0.130407 0.290004
2 0.198432 0.877670 0.027656 0.055005 0.263238
