2 0.292928 0.473380 0.076742 0.106502 0.879480
2 0.076406 0.534929 0.152803 0.235004 0.875246
2 0.422267 0.448787 0.055265 0.079870 0.817006
2 0.343031 0.448760 0.037087 0.056140 0.799971
2 0.821869 0.483143 0.354971 0.875392 0.791528
2 0.474457 0.483095 0.050136 0.122683 0.599018
2 0.166151 0.467504 0.057680 0.058358 0.569621
2 0.601887 0.452473 0.228857 0.304868 0.533100
7 0.600941 0.453024 0.228385 0.305375 0.477653
2 0.241356 0.446600 0.021976 0.031822 0.448129
2 0.385855 0.435995 0.020136 0.038119 0.388562
