2 0.903771 0.599572 0.191873 0.405697 0.877696
2 0.222864 0.411319 0.091860 0.084238 0.823608
2 0.755418 0.461600 0.307368 0.309677 0.808096
2 0.558606 0.426674 0.071322 0.123806 0.760627
2 0.274597 0.399593 0.047772 0.079974 0.691102
2 0.611489 0.435441 0.098267 0.177811 0.690097
2 0.305098 0.396011 0.035985 0.072544 0.636299
2 0.518070 0.408047 0.054471 0.089586 0.604387
2 0.427789 0.396103 0.030625 0.041491 0.539989
2 0.088453 0.375022 0.176656 0.324728 0.520870
2 0.470026 0.400862 0.023938 0.041495 0.430505
2 0.486988 0.406853 0.021776 0.053020 0.419526
2 0.378679 0.382075 0.036917 0.044904 0.378207
2 0.492673 0.407464 0.023469 0.064467 0.359469
2 0.335838 0.393741 0.028119 0.056207 0.320746
2 0.287151 0.397509 0.063703 0.076412 0.307049
2 0.348480 0.386708 0.031654 0.050061 0.286397
2 0.345280 0.393367 0.028658 0.050755 0.276265
