2 0.190117 0.469387 0.129986 0.124069 0.923733
2 0.866106 0.482978 0.267271 0.461816 0.913545
2 0.710605 0.455823 0.153892 0.227940 0.881522
2 0.274155 0.446427 0.063308 0.098959 0.860170
2 0.405076 0.437994 0.045310 0.057838 0.819082
2 0.563238 0.433650 0.056199 0.070522 0.789814
2 0.626189 0.441122 0.082885 0.171034 0.724206
2 0.339330 0.437578 0.039703 0.056400 0.676103
2 0.313252 0.443827 0.034668 0.071463 0.637157
2 0.520039 0.429332 0.027205 0.045814 0.592156
2 0.364761 0.434350 0.025352 0.049656 0.394768
2 0.523940 0.431573 0.035821 0.056113 0.369605
2 0.507680 0.874837 0.981911 0.223580 0.345283
2 0.365672 0.440678 0.022178 0.040173 0.303251
2 0.481771 0.407055 0.020355 0.035188 0.284705
