2 0.447605 0.620523 0.268603 0.388467 0.900899
2 0.818489 0.615445 0.324344 0.299887 0.888751
2 0.033335 0.595806 0.066569 0.196509 0.815202
0 0.654112 0.507129 0.019884 0.088981 0.616024
0 0.682665 0.495687 0.028935 0.099452 0.577190
0 0.291281 0.520217 0.017911 0.074956 0.537003
2 0.971700 0.779042 0.056096 0.304594 0.489806
0 0.132804 0.528494 0.024602 0.100234 0.487605
2 0.912578 0.472016 0.097195 0.053226 0.441233
0 0.650578 0.508427 0.020475 0.088095 0.437937
0 0.197829 0.517523 0.015752 0.081427 0.431997
2 0.560831 0.508192 0.030520 0.053966 0.430393
0 0.272199 0.522468 0.016061 0.065882 0.427715
2 0.105301 0.542252 0.037651 0.067756 0.406709
0 0.178355 0.519176 0.015423 0.086544 0.355372
0 0.322065 0.511408 0.013570 0.062441 0.331036
9 0.122919 0.139670 0.038910 0.094100 0.312760
0 0.320186 0.508621 0.011247 0.057320 0.260386
