2 0.069970 0.531946 0.139102 0.314400 0.917382
2 0.145386 0.497857 0.128889 0.192243 0.901959
2 0.514091 0.512962 0.073768 0.104300 0.826710
2 0.220691 0.481885 0.088112 0.131663 0.810516
2 0.474381 0.497763 0.043869 0.075913 0.685277
2 0.293109 0.471856 0.035775 0.057724 0.639552
2 0.803948 0.603029 0.347291 0.336701 0.626652
2 0.451707 0.482320 0.036909 0.075138 0.500349
2 0.340170 0.466760 0.023554 0.030857 0.492844
2 0.270873 0.491077 0.023714 0.074253 0.310325
2 0.461662 0.491017 0.027406 0.073009 0.265923
2 0.420878 0.483859 0.022498 0.050583 0.253072
