2 0.854247 0.724486 0.290786 0.413965 0.898225
2 0.267577 0.628768 0.068095 0.095877 0.857328
2 0.214176 0.647585 0.086907 0.107072 0.832665
2 0.722951 0.628464 0.111832 0.168725 0.718269
2 0.091237 0.657185 0.178743 0.196408 0.557690
2 0.458557 0.605584 0.028804 0.035615 0.525939
2 0.417866 0.610137 0.030478 0.039235 0.447375
5 0.491128 0.585380 0.035026 0.056742 0.436959
2 0.523233 0.609500 0.032296 0.046880 0.359477
2 0.389691 0.601417 0.032606 0.043694 0.345071
2 0.975573 0.512595 0.048201 0.049685 0.340768
