5 0.506215 0.695546 0.087922 0.190043 0.717289
2 0.055005 0.696145 0.097517 0.088736 0.648971
2 0.178376 0.691899 0.079596 0.084334 0.612087
9 0.641109 0.552294 0.022288 0.034390 0.364496
2 0.386220 0.660215 0.035030 0.034686 0.361445
9 0.639854 0.531926 0.019079 0.055945 0.343829
9 0.504974 0.505554 0.014904 0.035491 0.337439
2 0.419978 0.663995 0.024663 0.028643 0.298408
0 0.703700 0.795090 0.023450 0.109293 0.282100
9 0.640248 0.542020 0.022583 0.051124 0.276479
9 0.505380 0.499870 0.015146 0.049663 0.253924
