2 0.281167 0.506510 0.155936 0.151146 0.918338
2 0.647565 0.509643 0.091282 0.104235 0.886950
2 0.928635 0.519720 0.141885 0.130646 0.858432
2 0.081222 0.471822 0.162444 0.160173 0.820879
2 0.200776 0.468957 0.094084 0.123824 0.703883
2 0.748412 0.476168 0.074454 0.063688 0.662711
2 0.432093 0.467586 0.025392 0.028911 0.573479
2 0.474225 0.463916 0.021579 0.028571 0.532842
2 0.453358 0.462988 0.021866 0.026830 0.527945
2 0.399412 0.472331 0.033700 0.040827 0.478381
2 0.498998 0.868307 0.995162 0.235593 0.409653
2 0.821528 0.478613 0.108133 0.082978 0.395079
2 0.797215 0.479860 0.059701 0.073613 0.393910
2 0.538386 0.471096 0.024938 0.031458 0.387453
2 0.522057 0.466087 0.015749 0.029459 0.345310
2 0.571122 0.483929 0.020238 0.025638 0.325208
2 0.372906 0.474846 0.031749 0.046614 0.282869
2 0.424259 0.467837 0.019667 0.029613 0.278787
2 0.976898 0.490468 0.045361 0.062694 0.271531
