2 0.149202 0.624485 0.296939 0.344808 0.880127
2 0.309643 0.567062 0.110189 0.153819 0.870362
2 0.605296 0.509276 0.078253 0.112185 0.853602
2 0.376969 0.516920 0.074364 0.105162 0.843066
2 0.562175 0.494747 0.042468 0.089376 0.685236
2 0.431000 0.492822 0.031376 0.062361 0.501386
2 0.454406 0.485264 0.025432 0.042163 0.432227
2 0.415010 0.499713 0.029298 0.073506 0.412334
2 0.420103 0.501387 0.034115 0.076523 0.332913
2 0.426137 0.497696 0.040778 0.070709 0.291263
2 0.408726 0.501299 0.030447 0.075270 0.250294
