2 0.409088 0.445117 0.082196 0.116020 0.838337
7 0.175462 0.441501 0.202803 0.239071 0.741360
2 0.288971 0.412088 0.066918 0.130266 0.740492
2 0.534912 0.449838 0.071409 0.093028 0.685862
0 0.724346 0.484720 0.030726 0.180930 0.560229
2 0.176628 0.440592 0.203196 0.237921 0.509273
0 0.604403 0.431471 0.017502 0.082991 0.448385
2 0.335713 0.396226 0.058446 0.105124 0.424221
0 0.763553 0.435816 0.027229 0.119811 0.402491
0 0.789256 0.433870 0.031258 0.133297 0.371829
1 0.657537 0.510345 0.111493 0.115829 0.348874
0 0.587207 0.440135 0.016765 0.085957 0.281024
