2 0.593043 0.643439 0.227000 0.229916 0.891819
2 0.124407 0.653770 0.248048 0.437795 0.884499
0 0.812202 0.582469 0.037753 0.214690 0.773481
2 0.329976 0.556182 0.100960 0.185895 0.607564
2 0.238428 0.531180 0.049885 0.082396 0.521149
25 0.804182 0.479632 0.059942 0.044595 0.481747
2 0.397129 0.514328 0.045820 0.075539 0.433054
2 0.215665 0.540076 0.059723 0.096207 0.381986
2 0.020025 0.438313 0.039850 0.125468 0.337495
2 0.268146 0.529738 0.032905 0.068221 0.292293
2 0.229333 0.538602 0.033970 0.092130 0.250601
