0 0.349711 0.567988 0.031190 0.163237 0.861789
2 0.938646 0.715341 0.122303 0.227772 0.756530
2 0.446736 0.630273 0.129262 0.196764 0.711809
2 0.584540 0.583121 0.093368 0.144226 0.505075
0 0.955826 0.602919 0.035232 0.080024 0.489081
25 0.106627 0.443072 0.091099 0.038822 0.433325
0 0.812815 0.619991 0.021743 0.121015 0.421724
2 0.735498 0.632334 0.131377 0.150852 0.392629
5 0.524612 0.530679 0.047140 0.104691 0.355930
2 0.477948 0.553921 0.057772 0.082053 0.354057
5 0.736150 0.594564 0.135170 0.225288 0.313803
0 0.665171 0.589211 0.017068 0.062042 0.308510
0 0.983323 0.597977 0.018545 0.038720 0.263465
