2 0.529838 0.496286 0.123583 0.157153 0.914153
2 0.189145 0.526226 0.094510 0.133713 0.863535
2 0.465258 0.494287 0.059777 0.113222 0.835950
2 0.267894 0.497690 0.039841 0.057401 0.655843
2 0.441452 0.471916 0.066132 0.118651 0.654050
2 0.503873 0.892079 0.987673 0.188352 0.623619
2 0.294093 0.484141 0.022751 0.051314 0.434007
2 0.398534 0.489381 0.029478 0.058008 0.424855
2 0.379547 0.474363 0.018370 0.044704 0.412168
2 0.241407 0.516463 0.039997 0.086702 0.367182
7 0.441859 0.471179 0.066460 0.119555 0.333490
2 0.310348 0.471699 0.018444 0.036396 0.299654
2 0.278887 0.487828 0.038215 0.051232 0.289766
