2 0.865228 0.479256 0.269270 0.287506 0.919630
2 0.261301 0.485181 0.329163 0.255045 0.906377
2 0.741676 0.405954 0.119399 0.153320 0.826625
2 0.489424 0.385869 0.033669 0.039106 0.659738
2 0.650466 0.380433 0.038610 0.060178 0.637167
2 0.437549 0.395236 0.037705 0.048275 0.541772
2 0.563270 0.408656 0.100081 0.163123 0.527389
2 0.449006 0.391503 0.050761 0.052419 0.511500
2 0.461139 0.390853 0.027516 0.050567 0.390044
7 0.562813 0.409533 0.100054 0.163736 0.365244
9 0.607609 0.198013 0.015227 0.040569 0.350960
2 0.122664 0.430580 0.048391 0.051929 0.297063
2 0.616231 0.369189 0.019458 0.046707 0.265830
