2 0.304895 0.502544 0.091923 0.151959 0.859488
2 0.033250 0.512356 0.066499 0.078871 0.825253
2 0.817261 0.545120 0.363617 0.566939 0.814245
2 0.408631 0.479986 0.047772 0.065334 0.791860
2 0.069852 0.501513 0.042929 0.067198 0.706813
2 0.446244 0.464425 0.040220 0.047134 0.689767
2 0.499652 0.894001 0.992228 0.191124 0.591762
2 0.382843 0.476074 0.028482 0.058585 0.530402
2 0.354350 0.466951 0.025644 0.041258 0.524790
2 0.219648 0.475180 0.037009 0.042369 0.503282
7 0.136465 0.477677 0.052420 0.080255 0.354590
5 0.136217 0.477614 0.053015 0.081275 0.352100
9 0.346612 0.260188 0.011001 0.041081 0.292760
9 0.736286 0.314160 0.025832 0.049140 0.286614
