2 0.088650 0.428336 0.114854 0.091451 0.896082
2 0.187434 0.426103 0.076244 0.092490 0.797192
2 0.272790 0.421768 0.103201 0.121488 0.755114
2 0.601538 0.407072 0.037437 0.056162 0.723717
2 0.160874 0.415567 0.055289 0.080060 0.662141
5 0.266990 0.360102 0.096393 0.085085 0.580953
9 0.737494 0.025013 0.025223 0.049887 0.539284
9 0.388981 0.246634 0.013848 0.056464 0.516469
2 0.579307 0.403905 0.024723 0.050052 0.491719
2 0.326241 0.401125 0.020588 0.057368 0.477979
2 0.569396 0.401187 0.024306 0.044208 0.468438
2 0.342247 0.390036 0.017872 0.029608 0.431706
2 0.558624 0.401467 0.020923 0.037368 0.428347
2 0.543267 0.397886 0.018966 0.035352 0.388477
9 0.710329 0.030281 0.024318 0.058372 0.367687
2 0.575828 0.403089 0.025764 0.045545 0.350373
2 0.544384 0.393233 0.021578 0.036165 0.270348
2 0.526791 0.395914 0.016443 0.027051 0.260459
2 0.341005 0.394332 0.016644 0.041490 0.259729
2 0.521623 0.393747 0.020604 0.022754 0.251324
