2 0.710281 0.569696 0.175361 0.108207 0.795251
2 0.514293 0.544512 0.027509 0.049702 0.438809
2 0.479119 0.543140 0.017798 0.038607 0.431546
2 0.546225 0.546645 0.030062 0.062185 0.414129
2 0.602096 0.561420 0.052189 0.075531 0.370828
2 0.494486 0.542028 0.020147 0.038913 0.355817
2 0.482545 0.543459 0.025405 0.040655 0.327196
2 0.527962 0.548514 0.024797 0.054732 0.320041
2 0.524249 0.546079 0.027396 0.050731 0.277257
2 0.070708 0.563713 0.034801 0.042249 0.270024
2 0.554907 0.550815 0.054160 0.069938 0.256369
2 0.491603 0.543903 0.027601 0.043017 0.254043
