7 0.147502 0.405924 0.294394 0.521894 0.897098
2 0.720952 0.586450 0.317808 0.348236 0.871806
2 0.575885 0.481395 0.044094 0.063572 0.618922
2 0.310195 0.468026 0.065882 0.107372 0.590195
2 0.499050 0.462204 0.033921 0.038435 0.565623
2 0.350288 0.464889 0.033789 0.057999 0.565237
2 0.414063 0.457787 0.042408 0.074234 0.535791
7 0.414659 0.457377 0.042433 0.076067 0.428920
2 0.369899 0.452546 0.028711 0.053448 0.393231
2 0.480227 0.886647 0.953914 0.203885 0.291664
2 0.558719 0.479231 0.023936 0.058172 0.275974
