2 0.211175 0.696432 0.147925 0.170849 0.896049
2 0.378655 0.661963 0.158593 0.182670 0.887162
2 0.080219 0.700339 0.159448 0.203105 0.886434
2 0.858365 0.645049 0.282535 0.300211 0.875334
2 0.713834 0.680674 0.086775 0.179780 0.813795
2 0.678312 0.653745 0.091734 0.153044 0.759379
2 0.286329 0.651477 0.077056 0.127104 0.675690
2 0.961648 0.713292 0.076200 0.159465 0.633700
2 0.594404 0.640051 0.031102 0.074546 0.620971
2 0.619664 0.646889 0.036920 0.096675 0.556509
2 0.600065 0.642350 0.042588 0.082498 0.381296
9 0.481317 0.527407 0.010815 0.032432 0.279919
