2 0.915314 0.516769 0.168710 0.203770 0.901257
2 0.794161 0.456195 0.156846 0.134016 0.874773
2 0.702625 0.416136 0.113787 0.127417 0.867488
2 0.631257 0.403467 0.066966 0.085118 0.848118
2 0.607133 0.387071 0.056089 0.070792 0.759909
2 0.558764 0.370282 0.049014 0.063804 0.673281
2 0.462586 0.362315 0.026575 0.043395 0.512340
2 0.521014 0.361716 0.019151 0.044077 0.338809
2 0.571188 0.379522 0.029584 0.055171 0.328080
2 0.445477 0.354107 0.021012 0.026528 0.323612
2 0.493311 0.357603 0.016906 0.030083 0.316952
2 0.481070 0.353463 0.016914 0.025332 0.278103
2 0.551690 0.370612 0.037193 0.057496 0.273850
2 0.503673 0.361171 0.020711 0.036629 0.269040
2 0.564947 0.377147 0.042134 0.058298 0.260557
2 0.532716 0.362149 0.019374 0.045397 0.258667
