2 0.858834 0.654476 0.281473 0.359150 0.892612
2 0.074306 0.662134 0.148342 0.315980 0.813902
2 0.587645 0.571673 0.069237 0.120196 0.728538
2 0.694775 0.603885 0.145242 0.172872 0.713217
2 0.257127 0.612785 0.122877 0.135067 0.703605
2 0.625076 0.593018 0.075935 0.123285 0.688118
2 0.508848 0.555369 0.022134 0.030109 0.623454
2 0.711549 0.624473 0.113568 0.177576 0.561530
2 0.350741 0.578290 0.038926 0.080256 0.545014
2 0.310816 0.590598 0.062043 0.103408 0.519247
2 0.358514 0.578018 0.055801 0.079977 0.408196
2 0.540643 0.568289 0.022481 0.071285 0.402029
2 0.454381 0.550217 0.028547 0.024037 0.399535
2 0.510804 0.560750 0.020851 0.041058 0.337664
2 0.519117 0.566521 0.017456 0.049192 0.322011
9 0.435583 0.466290 0.015519 0.040730 0.276524
2 0.534594 0.567680 0.022525 0.062498 0.262526
2 0.377937 0.573744 0.033696 0.064718 0.252947
