2 0.895913 0.397656 0.208059 0.272534 0.921109
2 0.787902 0.369113 0.098369 0.146863 0.882644
2 0.728604 0.359616 0.064915 0.110201 0.760683
0 0.026869 0.123180 0.053738 0.125137 0.422168
2 0.499300 0.856551 0.994326 0.245531 0.415055
2 0.687157 0.349920 0.024765 0.064009 0.390893
2 0.703995 0.354664 0.027937 0.078424 0.346791
2 0.692688 0.354166 0.030681 0.069361 0.329854
2 0.683349 0.346978 0.024165 0.058057 0.318082
9 0.620218 0.257645 0.009110 0.034185 0.265744
2 0.670165 0.347878 0.016269 0.048891 0.264504
