2 0.859138 0.786884 0.280963 0.389056 0.925174
2 0.644419 0.664008 0.165507 0.171353 0.911137
2 0.556421 0.619680 0.093212 0.126068 0.843508
2 0.305194 0.628002 0.092556 0.117282 0.841978
2 0.099671 0.602643 0.052038 0.057951 0.826134
2 0.040984 0.604109 0.078773 0.070032 0.821263
2 0.505959 0.612471 0.052250 0.098239 0.703405
2 0.143640 0.598041 0.046973 0.054623 0.698505
2 0.367262 0.597095 0.030163 0.038667 0.658597
2 0.460566 0.606210 0.028986 0.053269 0.638408
7 0.175968 0.583978 0.048840 0.063810 0.520434
2 0.247020 0.589151 0.039189 0.027492 0.458845
2 0.478763 0.615936 0.028961 0.062995 0.434420
2 0.432012 0.598605 0.015848 0.031030 0.354670
2 0.216477 0.592476 0.024073 0.030286 0.306186
2 0.416459 0.594781 0.016700 0.022860 0.301094
2 0.241279 0.590112 0.029103 0.027215 0.255650
2 0.175950 0.584063 0.049052 0.064159 0.251043
