2 0.869245 0.723352 0.260662 0.532409 0.924551
2 0.591949 0.619469 0.097032 0.114887 0.920387
2 0.400114 0.595282 0.072989 0.114030 0.884966
2 0.216263 0.595834 0.055597 0.055770 0.862115
2 0.345724 0.577961 0.030475 0.040898 0.786738
2 0.531699 0.578617 0.057945 0.088632 0.596626
0 0.123742 0.598715 0.013582 0.065006 0.578981
7 0.057105 0.590696 0.109493 0.071710 0.518580
2 0.056887 0.590770 0.107874 0.070860 0.500635
2 0.818621 0.572386 0.037842 0.071134 0.303878
2 0.462004 0.563284 0.019969 0.020176 0.274770
0 0.267540 0.572913 0.013215 0.068682 0.273456
7 0.503317 0.548405 0.047867 0.105784 0.271450
0 0.640633 0.572095 0.009536 0.057402 0.254593
