2 0.678097 0.470615 0.105578 0.100882 0.874907
7 0.202074 0.437839 0.129160 0.146981 0.790666
0 0.899496 0.444603 0.023273 0.151307 0.776334
9 0.271618 0.094823 0.014718 0.082686 0.765482
2 0.543897 0.440066 0.036842 0.045926 0.763294
2 0.314112 0.432472 0.039585 0.057768 0.762850
0 0.884488 0.469828 0.027631 0.152445 0.723864
2 0.435350 0.431488 0.035999 0.056946 0.651594
2 0.409096 0.430297 0.016563 0.024623 0.491159
2 0.522034 0.432422 0.026027 0.041430 0.420238
2 0.385530 0.432114 0.022032 0.023919 0.410045
2 0.530088 0.438266 0.021918 0.043389 0.328557
2 0.486760 0.433439 0.014332 0.021028 0.313045
2 0.679130 0.413224 0.028696 0.027526 0.283295
2 0.390040 0.431250 0.013737 0.022696 0.269211
