2 0.370462 0.597417 0.167285 0.239780 0.928067
9 0.359886 0.093579 0.027708 0.105642 0.862871
2 0.492414 0.531968 0.066092 0.084623 0.828371
2 0.013228 0.558123 0.026285 0.119483 0.818263
2 0.099047 0.524574 0.063595 0.068008 0.803244
2 0.163361 0.523077 0.028713 0.045452 0.764858
9 0.869376 0.302336 0.020749 0.069381 0.736559
10 0.977100 0.606729 0.025935 0.067227 0.731278
2 0.191939 0.515324 0.030314 0.044298 0.707533
9 0.641707 0.328465 0.014822 0.060505 0.672853
2 0.144216 0.527365 0.033123 0.041765 0.670204
0 0.031764 0.518315 0.014848 0.065438 0.598818
2 0.281492 0.511183 0.027045 0.032621 0.595412
0 0.576676 0.520645 0.012864 0.073467 0.593277
0 0.043209 0.523240 0.010504 0.053446 0.573154
2 0.446840 0.525765 0.026700 0.054474 0.491733
2 0.228577 0.512293 0.023757 0.034962 0.426384
2 0.220409 0.514046 0.025334 0.035243 0.410970
2 0.456274 0.526926 0.022822 0.055828 0.385217
2 0.306230 0.507054 0.019501 0.021190 0.364934
2 0.463658 0.526859 0.016171 0.059170 0.327473
2 0.213782 0.516062 0.020089 0.035379 0.285116
2 0.245940 0.509907 0.015061 0.031697 0.270920
