2 0.887736 0.712849 0.223507 0.506154 0.938003
2 0.808451 0.545531 0.142472 0.119338 0.885068
2 0.611483 0.534466 0.105626 0.131054 0.858939
7 0.313316 0.455583 0.186580 0.297984 0.776813
7 0.130160 0.548519 0.259525 0.338966 0.774848
2 0.705324 0.527469 0.094585 0.084743 0.763504
2 0.475770 0.490665 0.024544 0.027755 0.554140
2 0.497831 0.912896 0.983918 0.150009 0.531963
2 0.528251 0.498512 0.027504 0.030996 0.408815
2 0.509518 0.492188 0.015366 0.030972 0.362011
2 0.520421 0.494660 0.025900 0.031429 0.317950
2 0.435138 0.490065 0.018213 0.027930 0.315919
2 0.441622 0.489962 0.031761 0.029072 0.309992
2 0.419932 0.491486 0.015474 0.024273 0.291479
2 0.685549 0.522546 0.051632 0.072551 0.284059
