2 0.198958 0.560143 0.111052 0.130603 0.923711
2 0.707472 0.592431 0.226304 0.237786 0.919446
2 0.582571 0.539826 0.107405 0.156694 0.886809
2 0.262425 0.536147 0.062025 0.102215 0.801269
2 0.525003 0.531345 0.053772 0.114972 0.766316
2 0.495971 0.525738 0.035202 0.077790 0.711753
2 0.297259 0.531523 0.033287 0.076781 0.628505
2 0.320120 0.530727 0.025248 0.056399 0.600633
2 0.475946 0.524055 0.027642 0.067262 0.544975
2 0.480921 0.523949 0.025537 0.069139 0.480848
2 0.316120 0.532370 0.025762 0.057302 0.474627
2 0.456591 0.517890 0.022047 0.038474 0.473022
2 0.470858 0.520013 0.027108 0.053936 0.413936
2 0.335760 0.524035 0.025381 0.051080 0.409995
2 0.401499 0.519585 0.033580 0.020811 0.339782
2 0.406785 0.518398 0.025538 0.019350 0.337040
2 0.461014 0.518434 0.024817 0.041281 0.334958
2 0.360000 0.519338 0.019829 0.043351 0.316850
2 0.506406 0.533496 0.020972 0.093196 0.296181
