2 0.343727 0.526125 0.146344 0.187155 0.830280
2 0.762412 0.547224 0.118090 0.166191 0.816950
2 0.857612 0.542394 0.083517 0.116842 0.765018
2 0.951713 0.578222 0.095731 0.178611 0.733688
7 0.147839 0.466381 0.295181 0.545091 0.695967
2 0.433408 0.523459 0.082399 0.105047 0.673991
2 0.470508 0.515464 0.090880 0.083179 0.594114
2 0.147726 0.467388 0.295065 0.540186 0.472369
2 0.644858 0.503262 0.029373 0.039264 0.350698
2 0.524734 0.504371 0.032312 0.057334 0.329298
2 0.680252 0.507076 0.036065 0.052724 0.275989
