2 0.659496 0.411658 0.246440 0.285193 0.845180
2 0.948726 0.460504 0.101622 0.183916 0.737073
0 0.807185 0.366629 0.026463 0.147172 0.682414
0 0.878815 0.355330 0.024791 0.118137 0.679864
0 0.913050 0.344584 0.031281 0.117150 0.653363
58 0.073627 0.490544 0.147238 0.582719 0.603784
2 0.502225 0.345156 0.046963 0.059950 0.559327
0 0.844800 0.364662 0.023969 0.149522 0.535278
2 0.399555 0.386852 0.105053 0.174894 0.532321
9 0.279921 0.157419 0.016400 0.076448 0.489832
2 0.512436 0.343799 0.067893 0.063947 0.464161
0 0.825209 0.362350 0.020708 0.148152 0.451618
0 0.953080 0.339535 0.020906 0.075465 0.432207
0 0.829377 0.362064 0.022408 0.142769 0.422481
0 0.154314 0.367193 0.024814 0.064209 0.319060
2 0.537363 0.339710 0.028007 0.053338 0.315172
2 0.559762 0.339881 0.025953 0.055844 0.303413
0 0.220100 0.366883 0.017746 0.074696 0.302287
0 0.851316 0.365324 0.020928 0.145376 0.292341
9 0.266974 0.157234 0.028619 0.077268 0.287110
