2 0.526817 0.621011 0.228362 0.322075 0.935229
5 0.624232 0.444644 0.278074 0.388916 0.815028
2 0.074010 0.509575 0.045520 0.087497 0.625561
2 0.180916 0.487386 0.058904 0.054935 0.622808
2 0.418211 0.483333 0.034613 0.049267 0.568562
2 0.100875 0.505323 0.098749 0.097530 0.567086
2 0.443835 0.481023 0.023747 0.037530 0.451542
2 0.047015 0.470751 0.069713 0.072470 0.413427
2 0.425543 0.483731 0.050160 0.047669 0.391128
2 0.054933 0.470510 0.049607 0.067255 0.359044
2 0.352640 0.463367 0.024317 0.031963 0.358211
2 0.030789 0.472435 0.061490 0.073705 0.338407
2 0.204251 0.474977 0.028646 0.039152 0.323490
2 0.023699 0.481400 0.047399 0.056301 0.298666
2 0.380780 0.462749 0.017683 0.026047 0.278825
2 0.011933 0.483654 0.023797 0.048438 0.261092
