2 0.468375 0.499538 0.216027 0.327547 0.896626
2 0.677612 0.472086 0.178093 0.191417 0.890359
2 0.283443 0.431948 0.142672 0.176439 0.883238
2 0.070337 0.437875 0.139980 0.205949 0.875312
2 0.895100 0.477742 0.132832 0.135958 0.844277
2 0.180672 0.419857 0.090998 0.099907 0.811894
2 0.374692 0.395628 0.051129 0.091519 0.678361
2 0.498257 0.865557 0.990078 0.242769 0.592442
2 0.804745 0.442176 0.082775 0.115570 0.547180
2 0.587638 0.405216 0.027797 0.040279 0.407400
2 0.560347 0.415414 0.029467 0.080809 0.379000
2 0.968910 0.480315 0.061473 0.129301 0.276865
