2 0.082527 0.710258 0.164887 0.374515 0.863602
2 0.647956 0.653863 0.195887 0.253390 0.853885
2 0.216278 0.643115 0.106676 0.135874 0.842056
2 0.526008 0.623253 0.099528 0.135831 0.788895
2 0.447050 0.596026 0.038801 0.063349 0.700349
2 0.290088 0.615172 0.055848 0.086374 0.698621
2 0.321763 0.599896 0.029687 0.049871 0.615828
2 0.421363 0.587689 0.034566 0.046469 0.487185
2 0.356171 0.585098 0.018830 0.037594 0.393374
2 0.343277 0.588069 0.030082 0.036628 0.393223
2 0.391314 0.577198 0.021536 0.039589 0.365518
2 0.468812 0.618619 0.030709 0.081661 0.327992
2 0.350091 0.588585 0.022736 0.033329 0.309877
2 0.435033 0.592864 0.057797 0.056469 0.258767
2 0.464778 0.609686 0.026870 0.072214 0.257578
