2 0.149240 0.677600 0.297081 0.282104 0.821664
2 0.514475 0.709281 0.381650 0.263944 0.794194
0 0.757628 0.662221 0.021795 0.104495 0.657725
0 0.804558 0.660626 0.023032 0.109301 0.576917
0 0.884089 0.683332 0.031472 0.151755 0.539720
0 0.780875 0.663895 0.021297 0.097637 0.480878
0 0.735398 0.659488 0.018494 0.098171 0.455883
9 0.914905 0.432737 0.017431 0.057402 0.424823
0 0.692912 0.682522 0.034789 0.159022 0.409441
9 0.401326 0.392947 0.014729 0.063686 0.408810
0 0.955764 0.669801 0.032123 0.167205 0.407556
0 0.989412 0.712324 0.020664 0.224625 0.383909
0 0.717987 0.661835 0.021766 0.107671 0.381506
9 0.419078 0.391794 0.008911 0.057047 0.318353
0 0.666302 0.658871 0.018526 0.102694 0.300354
0 0.932123 0.641851 0.023609 0.079055 0.259630
2 0.278018 0.677990 0.053240 0.068487 0.257488
