2 0.152290 0.575259 0.278691 0.323040 0.890367
2 0.658701 0.543754 0.161921 0.194467 0.855480
2 0.556037 0.513209 0.097293 0.085408 0.790454
2 0.883379 0.500060 0.187240 0.143413 0.757191
2 0.373229 0.505391 0.047558 0.076014 0.740883
2 0.508540 0.508225 0.038265 0.050822 0.638999
0 0.771795 0.530218 0.024676 0.127448 0.606705
0 0.746274 0.517103 0.020981 0.104143 0.540963
2 0.472472 0.911168 0.943220 0.166729 0.423258
2 0.462912 0.489777 0.027464 0.044885 0.419021
2 0.341444 0.491846 0.023013 0.032540 0.354167
