2 0.137497 0.699405 0.274409 0.462865 0.943886
2 0.634861 0.729690 0.333085 0.486404 0.926332
2 0.299218 0.601347 0.156508 0.172303 0.887685
9 0.357636 0.378334 0.010338 0.045934 0.812430
2 0.760451 0.598669 0.062930 0.093834 0.709944
2 0.427469 0.552147 0.022115 0.036189 0.665502
7 0.947187 0.718110 0.104451 0.308462 0.587431
2 0.907057 0.617283 0.058514 0.085022 0.543787
2 0.947059 0.716726 0.104791 0.309216 0.466038
9 0.033660 0.254121 0.019940 0.060797 0.384905
9 0.011554 0.251220 0.018726 0.053795 0.282902
9 0.571481 0.347289 0.016756 0.045773 0.270206
2 0.887802 0.595395 0.053757 0.052274 0.259438
2 0.409640 0.554620 0.015496 0.027095 0.253855
