2 0.879708 0.691819 0.239621 0.262432 0.912583
2 0.239818 0.672064 0.191918 0.167125 0.908045
0 0.542574 0.669460 0.049681 0.154555 0.840047
2 0.948640 0.862546 0.101707 0.257485 0.834179
2 0.407995 0.647221 0.137020 0.080724 0.814374
9 0.767408 0.297162 0.020517 0.071260 0.724264
2 0.709810 0.605639 0.189791 0.138555 0.700747
9 0.583440 0.383448 0.016457 0.062452 0.491406
2 0.541442 0.640627 0.107354 0.065587 0.474533
9 0.630245 0.559250 0.008952 0.018970 0.409993
9 0.190006 0.467336 0.010517 0.043655 0.382423
7 0.956508 0.537218 0.086093 0.073094 0.366791
9 0.613205 0.482216 0.008616 0.032005 0.352976
9 0.598349 0.378953 0.012955 0.056363 0.323774
0 0.062858 0.652397 0.012341 0.037780 0.280216
2 0.509130 0.650162 0.041304 0.044680 0.278403
9 0.105048 0.581302 0.011375 0.022534 0.254924
