2 0.110920 0.412553 0.221547 0.339517 0.846951
0 0.733673 0.400062 0.036364 0.149890 0.736463
2 0.703230 0.379603 0.153490 0.100679 0.666249
2 0.456078 0.372294 0.043062 0.057148 0.594550
0 0.821745 0.398849 0.040680 0.177089 0.581373
0 0.875722 0.400648 0.040137 0.180183 0.417871
2 0.630723 0.386716 0.028061 0.048554 0.307330
2 0.650043 0.385590 0.065828 0.064906 0.279714
9 0.508647 0.220243 0.014216 0.055183 0.273085
2 0.791320 0.408667 0.031287 0.043405 0.269629
0 0.877334 0.363186 0.033965 0.102986 0.267212
