2 0.299492 0.633722 0.045186 0.062532 0.762756
2 0.240598 0.642367 0.083999 0.092627 0.756965
2 0.478795 0.607492 0.034965 0.061704 0.712001
2 0.069692 0.647618 0.097290 0.077959 0.675051
2 0.401011 0.639474 0.118732 0.175864 0.639826
7 0.034449 0.620993 0.067666 0.103571 0.362444
2 0.033641 0.624972 0.066819 0.112299 0.309969
2 0.511694 0.594437 0.033932 0.039336 0.303683
2 0.142294 0.634388 0.046636 0.055585 0.275806
2 0.454849 0.593308 0.022404 0.051557 0.272655
2 0.158513 0.635667 0.062517 0.056123 0.262632
