2 0.587332 0.438333 0.168633 0.203909 0.906607
2 0.498946 0.412583 0.080927 0.149896 0.761258
7 0.442229 0.361115 0.097487 0.156889 0.727258
2 0.142509 0.413453 0.049348 0.055773 0.702508
2 0.033537 0.430871 0.067074 0.096514 0.597619
2 0.273742 0.398383 0.063175 0.087272 0.589298
2 0.343526 0.400673 0.038495 0.049721 0.548702
2 0.193088 0.403918 0.034361 0.042269 0.457906
2 0.857681 0.569657 0.283278 0.418342 0.439372
2 0.225403 0.397563 0.027896 0.034256 0.416890
15 0.947102 0.263363 0.104893 0.526726 0.399404
9 0.190974 0.023465 0.016997 0.046931 0.384330
0 0.805448 0.346367 0.040698 0.101908 0.306938
9 0.381526 0.027797 0.014697 0.055593 0.303369
2 0.181995 0.403992 0.032895 0.043875 0.278170
2 0.221847 0.400615 0.031865 0.039570 0.257643
