2 0.637877 0.351867 0.071157 0.086352 0.866264
2 0.353837 0.309020 0.027611 0.032783 0.723647
2 0.304484 0.310062 0.040983 0.049957 0.708516
2 0.565264 0.325440 0.036218 0.055309 0.700871
2 0.511129 0.319410 0.024721 0.044328 0.662780
7 0.159571 0.297080 0.246383 0.167157 0.599800
7 0.423287 0.285450 0.030937 0.070856 0.590756
2 0.160703 0.294819 0.246162 0.162598 0.474216
2 0.594042 0.325603 0.024020 0.032321 0.416922
2 0.004196 0.311251 0.008345 0.058589 0.389052
5 0.545674 0.291226 0.038070 0.067748 0.356447
2 0.463165 0.309422 0.020568 0.024088 0.319374
