2 0.459969 0.594669 0.245358 0.405194 0.916582
5 0.746220 0.489920 0.171946 0.151992 0.779096
9 0.629654 0.170796 0.015996 0.084339 0.704199
2 0.288028 0.501481 0.102311 0.162155 0.514016
7 0.287872 0.500509 0.101643 0.162482 0.506618
2 0.867390 0.517120 0.072803 0.060326 0.494591
9 0.018569 0.319093 0.024768 0.035183 0.467666
2 0.030031 0.463419 0.059924 0.047685 0.381526
2 0.640189 0.499019 0.045198 0.050761 0.365064
2 0.126619 0.468641 0.030120 0.029669 0.275253
2 0.340946 0.497499 0.038555 0.133456 0.275032
9 0.104225 0.253664 0.022484 0.040325 0.260055
