7 0.150868 0.577165 0.301083 0.383359 0.928075
2 0.499151 0.666965 0.113535 0.162908 0.901067
2 0.658556 0.639986 0.073924 0.133823 0.873839
2 0.691037 0.658551 0.068206 0.177883 0.810256
2 0.618799 0.631712 0.050717 0.096918 0.808134
0 0.743711 0.673497 0.086527 0.316975 0.806978
2 0.886663 0.695810 0.225938 0.371828 0.803046
1 0.747971 0.820975 0.070899 0.212655 0.778635
2 0.440448 0.615948 0.048627 0.084861 0.715102
7 0.047591 0.818179 0.094405 0.324549 0.595255
2 0.577199 0.612896 0.026480 0.044452 0.562982
9 0.541352 0.489610 0.012170 0.031170 0.559602
2 0.316311 0.642199 0.051155 0.080334 0.514751
7 0.476777 0.568695 0.039013 0.058834 0.502621
7 0.440573 0.615321 0.047886 0.083682 0.287403
9 0.431124 0.484403 0.012562 0.028979 0.286315
2 0.563790 0.611718 0.015925 0.044210 0.280204
