2 0.100346 0.714869 0.200379 0.174555 0.881911
5 0.462221 0.722117 0.127689 0.239644 0.869305
2 0.285830 0.688475 0.075566 0.092979 0.848137
2 0.728368 0.754890 0.057713 0.059509 0.819696
2 0.333841 0.654785 0.041303 0.058812 0.750136
2 0.674047 0.743625 0.061964 0.070338 0.713235
7 0.810860 0.746893 0.117873 0.105325 0.574279
9 0.459779 0.363733 0.021838 0.089857 0.493892
9 0.442662 0.363369 0.013925 0.078000 0.457579
2 0.361171 0.641508 0.028888 0.047204 0.438352
58 0.945878 0.749299 0.034529 0.065983 0.414477
9 0.461717 0.354227 0.018699 0.070928 0.382047
58 0.900672 0.758502 0.030610 0.082700 0.265345
2 0.365785 0.638342 0.036703 0.048878 0.256097
