2 0.081194 0.398636 0.156482 0.130619 0.827191
2 0.033863 0.431277 0.067372 0.135543 0.783197
0 0.375214 0.373260 0.020281 0.086172 0.781679
2 0.018214 0.457330 0.036179 0.140138 0.758146
7 0.328826 0.343966 0.076169 0.158306 0.755616
2 0.171353 0.395112 0.064225 0.107435 0.739781
2 0.215117 0.381799 0.056302 0.089219 0.699580
2 0.278955 0.378129 0.035269 0.049906 0.589915
2 0.243940 0.377624 0.056247 0.090146 0.586251
2 0.258762 0.282742 0.050491 0.035651 0.505725
2 0.196907 0.389000 0.040618 0.087145 0.356784
2 0.205752 0.387161 0.056470 0.088660 0.295539
