2 0.091282 0.396510 0.081233 0.085892 0.860891
2 0.330153 0.414570 0.051323 0.074881 0.850868
2 0.407733 0.409728 0.038105 0.059875 0.821676
2 0.164532 0.390406 0.038757 0.055951 0.785070
0 0.240189 0.419309 0.040347 0.132863 0.752564
3 0.236600 0.453135 0.032328 0.088265 0.592648
2 0.805564 0.545115 0.387184 0.426306 0.585952
7 0.806039 0.545007 0.386418 0.426412 0.562208
2 0.264734 0.397932 0.032878 0.055852 0.552528
2 0.202314 0.406571 0.053574 0.085289 0.505705
2 0.381049 0.385631 0.020893 0.030711 0.321863
2 0.214129 0.407098 0.075705 0.088483 0.297227
