2 0.132832 0.757221 0.265090 0.453819 0.898376
2 0.528349 0.703108 0.173334 0.239988 0.888708
2 0.755991 0.666064 0.086607 0.139851 0.810405
2 0.397399 0.648290 0.104349 0.093669 0.805571
2 0.880282 0.695485 0.238186 0.263147 0.780333
0 0.850899 0.713167 0.093474 0.365920 0.765594
2 0.714455 0.642383 0.070244 0.121332 0.702716
2 0.309366 0.664396 0.064342 0.096599 0.560148
2 0.672044 0.636610 0.050069 0.098182 0.446007
2 0.800028 0.681513 0.075007 0.225524 0.365237
2 0.833211 0.688305 0.140656 0.248032 0.304187
2 0.255504 0.654498 0.039741 0.056517 0.291921
2 0.707544 0.649943 0.053888 0.110226 0.289027
2 0.648150 0.629424 0.020893 0.065442 0.288668
2 0.662623 0.635854 0.035014 0.084147 0.272208
2 0.346397 0.630930 0.056126 0.060797 0.256419
