2 0.295089 0.548176 0.064216 0.083181 0.805151
0 0.108895 0.586857 0.032725 0.161746 0.736361
5 0.801484 0.554030 0.380712 0.485391 0.541525
2 0.376182 0.528439 0.041421 0.058742 0.463902
2 0.406274 0.514885 0.017050 0.033088 0.413714
2 0.342058 0.512927 0.027079 0.031979 0.409445
2 0.441500 0.515467 0.025924 0.029708 0.365169
2 0.436249 0.515990 0.028970 0.030345 0.325168
0 0.115364 0.587006 0.021518 0.154376 0.324128
2 0.989425 0.523047 0.020467 0.056828 0.281087
2 0.454595 0.515121 0.015458 0.025109 0.256459
