2 0.225435 0.381037 0.089501 0.108793 0.853398
0 0.832854 0.431742 0.049957 0.314210 0.791897
2 0.097538 0.388689 0.193731 0.204230 0.780371
2 0.278056 0.360920 0.061500 0.083505 0.736223
7 0.447865 0.314005 0.057491 0.156869 0.721778
2 0.945816 0.519041 0.107804 0.328357 0.720843
0 0.793931 0.440382 0.050836 0.267893 0.681966
7 0.356085 0.342543 0.089855 0.136424 0.675774
0 0.976931 0.347692 0.045718 0.132310 0.664186
2 0.045976 0.423444 0.091879 0.149705 0.653805
0 0.697865 0.370357 0.028753 0.123993 0.599587
2 0.604538 0.390179 0.129341 0.176621 0.580156
0 0.873360 0.388825 0.033334 0.186254 0.546229
2 0.077829 0.285359 0.151472 0.065908 0.313307
2 0.075450 0.275468 0.147180 0.052959 0.291008
