2 0.216882 0.581374 0.270335 0.241271 0.887308
2 0.432619 0.525840 0.054449 0.069572 0.618807
0 0.691026 0.534946 0.028944 0.141763 0.556146
2 0.008741 0.646642 0.017340 0.119744 0.553207
2 0.990662 0.506265 0.017945 0.044515 0.527463
0 0.604015 0.503858 0.013002 0.059870 0.472493
9 0.464921 0.331460 0.018296 0.050910 0.436565
62 0.933692 0.443471 0.068375 0.089759 0.426167
0 0.573487 0.509699 0.014581 0.076385 0.334054
2 0.369506 0.508833 0.041299 0.066597 0.297006
9 0.138967 0.291122 0.023522 0.045055 0.296095
0 0.577989 0.511388 0.017265 0.070339 0.288029
0 0.797715 0.508621 0.022635 0.124888 0.263742
2 0.477076 0.517021 0.026662 0.044293 0.263525
