2 0.537401 0.385914 0.121310 0.171528 0.849125
2 0.213262 0.359785 0.063520 0.069446 0.747590
2 0.054497 0.382698 0.107414 0.111030 0.570728
2 0.121449 0.370646 0.055824 0.091865 0.526729
2 0.158218 0.352438 0.068668 0.100281 0.466363
2 0.317727 0.345645 0.023871 0.038824 0.364353
2 0.028751 0.404242 0.057128 0.087633 0.347067
2 0.355115 0.342773 0.021812 0.027153 0.308186
2 0.753406 0.371586 0.032972 0.050859 0.292082
2 0.143724 0.356229 0.095911 0.102943 0.274232
2 0.682188 0.337296 0.028686 0.033724 0.260682
2 0.307104 0.345678 0.044260 0.042749 0.258511
