2 0.312848 0.495350 0.133318 0.151694 0.756909
2 0.461452 0.413783 0.039561 0.062020 0.524810
0 0.613023 0.407852 0.015307 0.075697 0.445854
2 0.455896 0.417502 0.041209 0.070216 0.410416
9 0.706748 0.222677 0.016759 0.064726 0.359615
2 0.414061 0.431561 0.070565 0.112218 0.339880
2 0.426928 0.423693 0.061772 0.097087 0.312910
2 0.477721 0.406680 0.020957 0.052930 0.293722
2 0.492733 0.400764 0.019803 0.041496 0.282310
2 0.474712 0.410184 0.018665 0.052360 0.271667
2 0.380775 0.450790 0.062663 0.128103 0.261904
2 0.449600 0.419607 0.031971 0.070929 0.258908
