0 0.012432 0.431292 0.024864 0.123789 0.652866
0 0.117633 0.440462 0.023285 0.101352 0.639375
2 0.899844 0.624356 0.199779 0.385405 0.522255
9 0.626151 0.143676 0.018603 0.067567 0.469792
2 0.257944 0.467273 0.088559 0.070522 0.432329
2 0.512242 0.477864 0.065553 0.072855 0.406219
0 0.770692 0.521791 0.018992 0.107479 0.374948
0 0.752085 0.527125 0.031514 0.107650 0.358093
9 0.586207 0.199590 0.015807 0.053095 0.350504
0 0.726028 0.499716 0.016359 0.090828 0.318915
0 0.829218 0.602631 0.058602 0.283954 0.258533
