2 0.059236 0.586323 0.117927 0.248336 0.889756
2 0.339742 0.590761 0.377138 0.391385 0.887718
2 0.862705 0.560605 0.273919 0.417796 0.782552
2 0.557742 0.463310 0.046594 0.058010 0.711543
2 0.496585 0.883737 0.974190 0.205653 0.679321
2 0.981350 0.723544 0.036808 0.230552 0.571307
9 0.301623 0.098105 0.027126 0.092596 0.455708
9 0.620954 0.213487 0.024922 0.065400 0.408752
9 0.961747 0.211550 0.030397 0.084952 0.382144
9 0.329294 0.384919 0.013717 0.028739 0.326894
2 0.502690 0.466589 0.036451 0.076484 0.321781
9 0.518831 0.391047 0.010699 0.028331 0.314437
9 0.697968 0.371500 0.015290 0.037168 0.306688
2 0.630912 0.471597 0.054266 0.065270 0.271368
