2 0.068888 0.607232 0.137370 0.144006 0.898250
2 0.739044 0.611998 0.232544 0.257948 0.851050
2 0.164394 0.583323 0.090606 0.101411 0.846533
2 0.226480 0.569624 0.063582 0.077097 0.834683
2 0.886720 0.712350 0.219923 0.288274 0.815472
2 0.611208 0.591281 0.102309 0.141557 0.752940
2 0.261794 0.552690 0.052717 0.076914 0.515440
2 0.529851 0.559915 0.044571 0.080889 0.513260
2 0.299236 0.552000 0.032838 0.046061 0.363072
2 0.556878 0.572842 0.039743 0.101302 0.359182
9 0.614238 0.379425 0.016080 0.073539 0.293136
2 0.502080 0.546179 0.037054 0.066518 0.274540
