2 0.853328 0.747240 0.292882 0.485889 0.923485
2 0.686801 0.642058 0.210266 0.230544 0.875562
2 0.135461 0.620429 0.158599 0.148332 0.867704
2 0.578304 0.605180 0.074775 0.140648 0.738397
2 0.284294 0.578060 0.065895 0.081225 0.714712
2 0.540016 0.591853 0.051399 0.096616 0.618299
2 0.411878 0.563363 0.036263 0.050547 0.606689
0 0.698437 0.505236 0.030112 0.063732 0.566781
0 0.728642 0.507482 0.024886 0.054945 0.540812
2 0.344988 0.561870 0.033495 0.044055 0.467066
2 0.498557 0.571073 0.029964 0.050487 0.436326
2 0.379894 0.554904 0.027266 0.042288 0.436187
2 0.218993 0.582005 0.047070 0.055414 0.423913
2 0.455327 0.552945 0.018217 0.031351 0.359589
0 0.906223 0.491830 0.030449 0.047369 0.345447
2 0.447872 0.553816 0.029570 0.032115 0.338192
2 0.010729 0.634342 0.021357 0.135904 0.329661
2 0.339507 0.564323 0.025633 0.039526 0.311514
2 0.349524 0.558835 0.037912 0.047005 0.295576
