2 0.138238 0.650105 0.227099 0.238773 0.755423
2 0.257629 0.610489 0.129043 0.154109 0.727848
2 0.639014 0.616173 0.068696 0.103708 0.618099
2 0.693700 0.642916 0.114996 0.140742 0.538455
2 0.932767 0.797515 0.133850 0.312222 0.447617
2 0.573388 0.599155 0.018712 0.035263 0.383019
2 0.335591 0.616738 0.035584 0.074911 0.370695
2 0.575448 0.603012 0.019139 0.041561 0.355693
2 0.343313 0.597684 0.052265 0.110366 0.353791
2 0.609035 0.610884 0.028927 0.078315 0.338930
2 0.853178 0.688068 0.286035 0.287720 0.324822
2 0.635499 0.616551 0.046065 0.097134 0.317524
2 0.593763 0.608709 0.020917 0.061123 0.315846
2 0.384887 0.594030 0.032421 0.071332 0.310966
2 0.709486 0.647694 0.088909 0.143881 0.255979
2 0.334207 0.594875 0.058689 0.120919 0.252365
