2 0.955914 0.369351 0.087204 0.103409 0.931624
2 0.097755 0.469023 0.195315 0.416605 0.889326
2 0.280282 0.381326 0.120937 0.148738 0.862326
2 0.853359 0.362117 0.092977 0.092702 0.763701
2 0.709471 0.421773 0.285091 0.275277 0.756297
9 0.528086 0.116642 0.014690 0.068956 0.507239
7 0.709623 0.421350 0.285186 0.276133 0.461430
9 0.194990 0.095193 0.021507 0.065611 0.384021
2 0.486320 0.369976 0.043268 0.054679 0.361582
2 0.465710 0.370612 0.085304 0.061149 0.349895
2 0.489877 0.373507 0.038140 0.041862 0.253135
