2 0.050694 0.880004 0.100201 0.123506 0.849686
2 0.120440 0.864791 0.056858 0.092726 0.814420
2 0.471620 0.859237 0.083296 0.104203 0.810944
2 0.160465 0.854488 0.038969 0.071219 0.691331
9 0.424751 0.432068 0.019236 0.080146 0.470401
9 0.447580 0.424465 0.023255 0.086896 0.463737
2 0.436835 0.843069 0.063007 0.102461 0.422684
2 0.405853 0.834749 0.031211 0.075584 0.362170
2 0.208065 0.849145 0.023047 0.042924 0.343112
2 0.232032 0.842857 0.021951 0.033606 0.330193
2 0.428113 0.847684 0.043899 0.094148 0.315345
2 0.389534 0.837121 0.026420 0.068180 0.305992
2 0.386513 0.839090 0.022499 0.057807 0.291608
2 0.193182 0.852494 0.022144 0.046858 0.285221
9 0.568266 0.699088 0.013358 0.035955 0.274604
2 0.374041 0.828375 0.026912 0.046078 0.260106
