2 0.615390 0.598314 0.270714 0.404168 0.895703
2 0.116594 0.736315 0.232148 0.496737 0.894781
2 0.172481 0.524317 0.298227 0.201932 0.870291
2 0.380813 0.497821 0.155611 0.145842 0.866602
2 0.767794 0.495569 0.095167 0.146823 0.843554
2 0.493289 0.480790 0.061620 0.102370 0.686522
2 0.276314 0.460919 0.079825 0.070264 0.560209
2 0.817430 0.471891 0.043796 0.100691 0.494843
9 0.556591 0.348439 0.013338 0.042239 0.473623
9 0.669938 0.370612 0.014049 0.044002 0.395154
2 0.053422 0.473457 0.106433 0.113358 0.371286
9 0.652098 0.240602 0.014780 0.055995 0.367637
9 0.557185 0.358277 0.015795 0.062286 0.339635
2 0.849636 0.429447 0.044985 0.050349 0.317900
2 0.053263 0.447443 0.106093 0.065591 0.281854
