2 0.274090 0.396797 0.061526 0.090475 0.817875
2 0.651148 0.379005 0.106036 0.141554 0.811390
2 0.199940 0.393211 0.102524 0.145576 0.703835
2 0.348039 0.822093 0.690132 0.296366 0.626748
2 0.095811 0.435376 0.182291 0.186151 0.595995
2 0.578833 0.352559 0.039828 0.065145 0.575091
7 0.495487 0.396355 0.137079 0.222942 0.470617
2 0.495492 0.397147 0.137948 0.223617 0.432676
2 0.868346 0.431272 0.089339 0.101300 0.379807
9 0.407440 0.229359 0.016828 0.043696 0.283286
9 0.527386 0.227804 0.019451 0.052100 0.262575
