2 0.074098 0.370598 0.122587 0.112987 0.809009
2 0.203696 0.343949 0.111834 0.135489 0.774124
2 0.685830 0.446763 0.370156 0.373428 0.571864
2 0.598206 0.451907 0.194646 0.349531 0.570076
7 0.315808 0.314614 0.105480 0.196616 0.449810
7 0.685626 0.443605 0.370113 0.377528 0.425971
5 0.022925 0.303561 0.045631 0.149353 0.363553
2 0.495980 0.351442 0.096593 0.136560 0.316307
9 0.782181 0.108871 0.026165 0.063996 0.310934
9 0.342135 0.184457 0.015363 0.044855 0.267175
9 0.281008 0.184562 0.015861 0.040980 0.262766
