2 0.125625 0.613645 0.250524 0.476909 0.915763
2 0.419726 0.436234 0.097314 0.133581 0.901312
2 0.878639 0.567170 0.242214 0.350774 0.845556
2 0.771760 0.458725 0.228520 0.232177 0.808169
2 0.186510 0.405447 0.113131 0.134638 0.807717
2 0.292152 0.416764 0.092912 0.099699 0.796616
2 0.648042 0.424863 0.095635 0.151101 0.786473
2 0.558188 0.431110 0.097719 0.171278 0.699645
2 0.485748 0.396653 0.065331 0.090748 0.425470
2 0.486534 0.414585 0.063794 0.118086 0.410588
9 0.168566 0.293748 0.017249 0.043989 0.270363
