2 0.537405 0.468887 0.077935 0.098296 0.858192
2 0.268820 0.466388 0.090856 0.109091 0.819352
2 0.324278 0.450131 0.045542 0.065824 0.755525
2 0.497310 0.458335 0.030412 0.065044 0.586568
2 0.475337 0.439914 0.024580 0.038829 0.428076
2 0.503519 0.456884 0.040656 0.065609 0.419445
2 0.395484 0.427240 0.019381 0.032887 0.374428
9 0.148062 0.343257 0.021025 0.057612 0.345151
2 0.371971 0.433009 0.018955 0.041914 0.326874
9 0.639313 0.345418 0.016256 0.035273 0.320864
2 0.344513 0.440693 0.038990 0.057382 0.264348
