2 0.705402 0.582241 0.127979 0.150229 0.777787
2 0.269973 0.539839 0.066677 0.148413 0.518457
2 0.132051 0.570463 0.262498 0.312812 0.386826
9 0.539675 0.372665 0.013868 0.025629 0.351709
2 0.331298 0.528267 0.048626 0.103249 0.345256
2 0.806018 0.593710 0.074934 0.075632 0.343022
7 0.131695 0.570125 0.263364 0.313551 0.324189
2 0.314551 0.531300 0.076456 0.113770 0.310343
2 0.393934 0.517141 0.026324 0.051507 0.298982
2 0.372561 0.531984 0.026850 0.058630 0.280770
2 0.597965 0.546328 0.033790 0.054650 0.280572
2 0.624542 0.565588 0.052904 0.087852 0.267564
