2 0.764353 0.673420 0.170041 0.162917 0.881395
2 0.058759 0.744319 0.116360 0.283649 0.785120
2 0.661809 0.652169 0.059504 0.102192 0.751367
2 0.159175 0.702863 0.173866 0.200984 0.575797
2 0.321856 0.655322 0.066115 0.125798 0.547421
2 0.356188 0.633850 0.073571 0.111987 0.482220
2 0.264259 0.678001 0.071841 0.159054 0.465327
2 0.631839 0.631026 0.063042 0.097399 0.451685
2 0.468131 0.631092 0.067027 0.098348 0.399822
5 0.468503 0.628740 0.067128 0.096529 0.328309
2 0.324694 0.669293 0.057628 0.102042 0.268219
2 0.397529 0.627775 0.036036 0.076400 0.263495
