2 0.334203 0.507288 0.102867 0.114124 0.684754
2 0.288839 0.543818 0.101678 0.134293 0.653553
0 0.228505 0.549842 0.037902 0.161214 0.625417
2 0.574733 0.465759 0.033548 0.041389 0.594361
2 0.532943 0.468645 0.027375 0.021970 0.464170
2 0.410278 0.485736 0.058542 0.086093 0.423439
2 0.475797 0.474542 0.021654 0.027561 0.408101
0 0.558033 0.940836 0.113679 0.117570 0.369704
0 0.485076 0.946063 0.073494 0.105771 0.292091
2 0.263453 0.542526 0.143734 0.155758 0.277191
2 0.447268 0.470230 0.027979 0.032987 0.276293
2 0.567278 0.465129 0.030127 0.038066 0.258765
