2 0.282261 0.545186 0.149196 0.147203 0.904938
2 0.046967 0.519905 0.093934 0.075026 0.789329
2 0.370144 0.488133 0.066297 0.073894 0.693744
2 0.424749 0.468738 0.047023 0.046789 0.637955
9 0.899964 0.163000 0.026121 0.167389 0.573626
2 0.507025 0.883230 0.981417 0.210741 0.486816
2 0.410239 0.467648 0.023181 0.048971 0.450915
2 0.265628 0.466025 0.063463 0.045611 0.398432
2 0.763739 0.477365 0.057092 0.043309 0.331100
0 0.619492 0.464384 0.014983 0.072847 0.309505
0 0.622014 0.464642 0.013942 0.071197 0.298280
0 0.694463 0.466677 0.022313 0.061064 0.260122
