2 0.715974 0.572522 0.401268 0.267568 0.877985
2 0.066527 0.534843 0.131232 0.132114 0.846098
2 0.247005 0.514007 0.110583 0.093012 0.836373
2 0.038564 0.599080 0.076846 0.154042 0.715636
2 0.336666 0.508000 0.061762 0.058234 0.568333
2 0.418253 0.500542 0.050528 0.058418 0.489396
2 0.965845 0.509898 0.057743 0.060408 0.395922
2 0.882835 0.504949 0.148890 0.101742 0.373447
2 0.481439 0.493785 0.036684 0.059998 0.360049
2 0.377122 0.501338 0.024361 0.045790 0.296636
2 0.447451 0.498008 0.023331 0.043163 0.294180
2 0.373739 0.498071 0.027075 0.043141 0.289530
