2 0.796959 0.624843 0.154475 0.157429 0.891280
2 0.149805 0.669043 0.298949 0.410878 0.878292
2 0.408540 0.589074 0.075485 0.097466 0.851021
2 0.719647 0.594612 0.121537 0.135293 0.818879
2 0.919888 0.649936 0.159014 0.340003 0.812979
2 0.314018 0.614896 0.157677 0.218678 0.754350
2 0.492805 0.572992 0.023300 0.026991 0.533057
2 0.651373 0.590898 0.048476 0.090444 0.500872
7 0.535676 0.555779 0.038925 0.086905 0.392697
2 0.642748 0.587457 0.066973 0.090963 0.363370
2 0.628718 0.582276 0.057202 0.081440 0.325851
2 0.467858 0.577528 0.024845 0.045462 0.263196
