2 0.708834 0.591155 0.224949 0.233155 0.921182
2 0.199078 0.561623 0.110797 0.128968 0.888712
2 0.583471 0.540614 0.108222 0.157366 0.877439
2 0.259698 0.537893 0.064153 0.104135 0.699517
2 0.524065 0.529904 0.057748 0.106867 0.540059
2 0.337837 0.521466 0.030256 0.051212 0.482020
2 0.925149 0.876197 0.148771 0.229456 0.472212
2 0.496126 0.528001 0.034528 0.078771 0.461603
2 0.465640 0.519961 0.033804 0.055766 0.458765
2 0.459603 0.517008 0.025839 0.045082 0.454389
2 0.295378 0.529391 0.036425 0.079980 0.425632
2 0.406569 0.517898 0.024248 0.020244 0.393963
2 0.302951 0.536799 0.023625 0.066083 0.367948
2 0.300735 0.534269 0.031818 0.070464 0.366639
2 0.367067 0.518493 0.019200 0.040231 0.313638
2 0.320368 0.527174 0.020265 0.054317 0.298374
2 0.487601 0.524560 0.028227 0.067316 0.265884
2 0.522784 0.539131 0.043513 0.101690 0.258186
