2 0.627912 0.531175 0.114228 0.167353 0.889446
0 0.979074 0.524478 0.041331 0.257547 0.830448
1 0.876388 0.568709 0.079949 0.085019 0.739111
11 0.901401 0.391817 0.024068 0.054580 0.697312
1 0.874300 0.555178 0.083867 0.115698 0.577037
2 0.770414 0.491233 0.045695 0.073077 0.481384
2 0.749008 0.494744 0.087934 0.069415 0.476262
0 0.881849 0.532969 0.051591 0.147241 0.469990
2 0.549778 0.502016 0.039803 0.054558 0.469745
0 0.814426 0.509536 0.018933 0.090473 0.426305
0 0.817419 0.508221 0.026543 0.089776 0.383219
2 0.742997 0.500789 0.092746 0.053835 0.365508
2 0.705354 0.497562 0.033200 0.040882 0.360405
2 0.698661 0.497828 0.046513 0.042450 0.321254
