2 0.787645 0.644803 0.097692 0.151595 0.839599
2 0.706505 0.647494 0.079743 0.101292 0.788342
2 0.135838 0.646904 0.187160 0.192948 0.627882
7 0.907555 0.582270 0.183963 0.476038 0.577352
2 0.546030 0.631762 0.049636 0.067841 0.509861
2 0.430091 0.624360 0.018369 0.031534 0.451197
7 0.135324 0.646318 0.187934 0.194687 0.425200
2 0.228989 0.940745 0.432000 0.101084 0.381271
2 0.907859 0.583963 0.182819 0.474060 0.373439
2 0.661544 0.641934 0.038783 0.081755 0.330342
9 0.591267 0.388481 0.023827 0.079361 0.319100
2 0.578418 0.625126 0.024455 0.038645 0.251866
