7 0.147660 0.468025 0.293668 0.539360 0.904594
2 0.760566 0.546082 0.116982 0.162915 0.880305
2 0.345271 0.525511 0.144162 0.185896 0.834514
2 0.950654 0.586545 0.097974 0.197559 0.801674
2 0.855112 0.542561 0.084892 0.115337 0.793326
2 0.435494 0.521663 0.081366 0.107424 0.789339
2 0.485830 0.516281 0.061645 0.081122 0.778320
7 0.588955 0.476657 0.053660 0.110365 0.587674
2 0.671714 0.507327 0.026040 0.055054 0.507151
0 0.695451 0.529187 0.035045 0.134032 0.362336
2 0.624889 0.501132 0.029180 0.039168 0.338928
0 0.690549 0.534562 0.025518 0.123590 0.257422
