2 0.485670 0.501245 0.146104 0.151545 0.881975
2 0.343315 0.499428 0.098800 0.110329 0.877092
2 0.195069 0.508165 0.090579 0.125751 0.751989
10 0.803017 0.533577 0.038583 0.116188 0.505063
2 0.956830 0.581914 0.085538 0.239517 0.444850
2 0.500235 0.865801 0.994925 0.239920 0.436781
2 0.034301 0.529246 0.057583 0.049128 0.377660
2 0.283975 0.477121 0.029929 0.037388 0.361730
2 0.241973 0.470200 0.043008 0.041157 0.351047
7 0.957152 0.615584 0.085151 0.309083 0.339577
2 0.104664 0.498943 0.052292 0.048684 0.323168
2 0.071089 0.510079 0.043171 0.041215 0.272123
