2 0.915543 0.633397 0.168383 0.232181 0.878731
2 0.634916 0.564932 0.095762 0.105397 0.835507
2 0.200353 0.547925 0.098387 0.117567 0.799855
2 0.538782 0.549011 0.050363 0.058831 0.775808
2 0.588731 0.550094 0.062535 0.081797 0.755853
2 0.761474 0.575990 0.197406 0.189712 0.724689
7 0.077015 0.557727 0.154031 0.364538 0.718030
2 0.253334 0.528058 0.066912 0.096529 0.639223
2 0.325700 0.550413 0.030394 0.033292 0.585813
2 0.473694 0.550234 0.026887 0.039040 0.568517
2 0.502145 0.550668 0.028113 0.042403 0.442891
2 0.357656 0.524590 0.023631 0.029082 0.350311
2 0.459975 0.537345 0.027878 0.037607 0.339262
2 0.388286 0.524591 0.019282 0.017418 0.294875
2 0.321297 0.551679 0.039872 0.039188 0.283944
2 0.506886 0.549299 0.026439 0.047353 0.252421
