2 0.393407 0.527581 0.349624 0.529159 0.942811
2 0.851315 0.369069 0.155495 0.134806 0.914143
2 0.074309 0.475845 0.147799 0.226197 0.890353
2 0.401090 0.893909 0.385926 0.193037 0.762513
2 0.779744 0.833100 0.435692 0.309397 0.709137
0 0.731583 0.394356 0.029490 0.153192 0.707255
2 0.702891 0.373133 0.044429 0.078939 0.705007
9 0.310743 0.221934 0.017656 0.047875 0.447436
0 0.222370 0.388477 0.016902 0.057428 0.432778
2 0.773610 0.364061 0.057371 0.079772 0.341502
0 0.594497 0.369835 0.014584 0.070323 0.322094
0 0.588120 0.369527 0.019674 0.070555 0.284814
0 0.584656 0.370465 0.014976 0.067884 0.255926
