2 0.528083 0.624754 0.231287 0.328765 0.937016
5 0.626953 0.439741 0.275169 0.387165 0.911432
2 0.418602 0.484143 0.034553 0.048742 0.720622
2 0.179299 0.489318 0.058495 0.061816 0.704262
2 0.100117 0.504310 0.095987 0.098435 0.648057
2 0.040943 0.472342 0.079944 0.075853 0.629580
2 0.074841 0.504060 0.044872 0.096901 0.564509
2 0.349066 0.462597 0.028863 0.029525 0.555986
2 0.442539 0.479487 0.023881 0.038264 0.531259
2 0.379566 0.466274 0.018507 0.024981 0.363167
2 0.152793 0.463402 0.038265 0.042600 0.340352
2 0.184862 0.480219 0.053813 0.046651 0.282070
