2 0.255795 0.751246 0.389238 0.468498 0.950866
0 0.859866 0.598501 0.064285 0.320291 0.889795
2 0.449097 0.623527 0.104912 0.197647 0.871496
0 0.774212 0.595290 0.038253 0.253205 0.840269
2 0.522644 0.588484 0.054022 0.072723 0.765244
2 0.163877 0.578112 0.075441 0.090936 0.728504
0 0.673244 0.579334 0.021883 0.117426 0.688484
2 0.314052 0.505720 0.060349 0.035227 0.469782
9 0.208423 0.211307 0.017958 0.073367 0.464056
2 0.012035 0.597991 0.024000 0.073168 0.460998
9 0.632248 0.460678 0.010816 0.025755 0.346120
0 0.610642 0.578539 0.013093 0.100207 0.333658
0 0.693618 0.571740 0.018530 0.083938 0.323877
26 0.883765 0.654275 0.027403 0.082884 0.323790
0 0.629193 0.577329 0.020112 0.131243 0.301418
9 0.993707 0.238766 0.011921 0.091522 0.289613
2 0.954610 0.578244 0.089545 0.112194 0.288342
9 0.186990 0.212616 0.023216 0.072635 0.286084
2 0.042412 0.581370 0.020845 0.051573 0.284425
7 0.956130 0.653492 0.086748 0.360061 0.277191
9 0.470500 0.491024 0.010525 0.022202 0.266284
