5 0.354384 0.446369 0.122296 0.235523 0.905790
2 0.654013 0.592989 0.131857 0.141796 0.888112
2 0.591098 0.549391 0.102097 0.121851 0.848875
12 0.865135 0.567575 0.268258 0.478505 0.589468
2 0.092656 0.451245 0.055172 0.062109 0.424246
2 0.165263 0.460227 0.048654 0.045643 0.391380
2 0.380291 0.883698 0.757178 0.206433 0.381946
2 0.282977 0.468952 0.022856 0.033643 0.365239
2 0.205441 0.456521 0.060413 0.057885 0.331246
2 0.195302 0.455816 0.040689 0.057368 0.312665
2 0.224033 0.459376 0.025601 0.051836 0.291030
