2 0.195546 0.626256 0.216446 0.195982 0.908787
2 0.046474 0.679264 0.092069 0.223050 0.905159
2 0.333007 0.577730 0.108942 0.153006 0.874111
2 0.622084 0.553327 0.059038 0.076603 0.857300
2 0.448195 0.555504 0.031296 0.068769 0.724072
2 0.406648 0.556543 0.061591 0.107561 0.699597
2 0.469238 0.551016 0.025164 0.061750 0.642349
2 0.486130 0.546285 0.021754 0.048995 0.517666
2 0.542948 0.505975 0.018268 0.026339 0.367040
12 0.787417 0.512657 0.025886 0.075854 0.306669
12 0.788066 0.529944 0.028948 0.112575 0.274356
