2 0.848342 0.662948 0.301621 0.367003 0.895316
9 0.885173 0.210955 0.035121 0.134055 0.780518
2 0.070907 0.640786 0.135034 0.090140 0.598159
3 0.493777 0.589944 0.353823 0.412225 0.567183
0 0.242756 0.629915 0.015375 0.066328 0.477322
9 0.160609 0.560052 0.018296 0.028810 0.338108
0 0.256132 0.627963 0.011636 0.067717 0.329849
0 0.231315 0.630385 0.015312 0.064317 0.323147
9 0.167945 0.508090 0.014534 0.041486 0.287535
0 0.239333 0.630107 0.017730 0.065665 0.266223
9 0.141395 0.498667 0.014664 0.062164 0.250064
