2 0.482283 0.504034 0.215601 0.339466 0.905868
2 0.073312 0.532246 0.145804 0.301561 0.835171
0 0.860754 0.436047 0.041366 0.194416 0.803033
0 0.894255 0.440629 0.038618 0.176640 0.737917
2 0.937369 0.537165 0.124640 0.291481 0.704872
2 0.358087 0.451320 0.049182 0.074909 0.670956
2 0.945317 0.408021 0.082711 0.076063 0.665096
9 0.553985 0.111922 0.018370 0.065048 0.469506
9 0.718954 0.164440 0.021523 0.061301 0.322643
9 0.720989 0.161586 0.018835 0.046068 0.303573
2 0.498543 0.824609 0.993689 0.305504 0.268476
