2 0.793564 0.560591 0.102391 0.112307 0.911327
2 0.729070 0.550720 0.063803 0.083234 0.730305
2 0.621049 0.552541 0.089747 0.122332 0.718105
0 0.016260 0.577880 0.028727 0.158658 0.712179
2 0.326831 0.526936 0.070385 0.083593 0.689925
2 0.447761 0.522842 0.031289 0.043617 0.675279
2 0.897859 0.581534 0.161288 0.153756 0.671989
1 0.098391 0.578383 0.077420 0.085976 0.633885
2 0.509251 0.529726 0.045443 0.054065 0.630153
2 0.569844 0.527105 0.026548 0.039715 0.608888
2 0.687035 0.547431 0.038236 0.058630 0.566372
2 0.535713 0.516039 0.021748 0.035113 0.499972
2 0.981697 0.639379 0.036131 0.135656 0.450693
1 0.231187 0.559017 0.035475 0.053030 0.417264
1 0.156913 0.567106 0.065906 0.080509 0.388226
2 0.481317 0.514646 0.021432 0.025822 0.319936
2 0.677067 0.541202 0.040468 0.056910 0.319685
2 0.670363 0.536137 0.031868 0.048746 0.293552
2 0.707560 0.547540 0.031919 0.072166 0.279493
2 0.394445 0.527154 0.040736 0.056739 0.259486
1 0.184262 0.565450 0.042762 0.062968 0.257570
