2 0.888918 0.667952 0.220923 0.268707 0.937139
2 0.619309 0.564806 0.108797 0.134225 0.878080
2 0.741903 0.593144 0.206809 0.189461 0.837693
2 0.221189 0.533741 0.093092 0.233804 0.781702
2 0.558302 0.552095 0.070212 0.101373 0.773432
2 0.495791 0.541839 0.048104 0.069883 0.748289
7 0.111855 0.549183 0.222802 0.475510 0.673709
2 0.272675 0.524254 0.055292 0.172110 0.649387
5 0.383760 0.481671 0.111953 0.262486 0.544170
2 0.452824 0.532910 0.026289 0.050986 0.527189
2 0.294729 0.513611 0.033128 0.131110 0.490702
2 0.250400 0.530578 0.052538 0.198404 0.434034
2 0.318469 0.521156 0.022810 0.081761 0.430646
2 0.500045 0.876863 0.995470 0.198528 0.362111
2 0.315270 0.519011 0.024342 0.093275 0.342974
2 0.303408 0.517094 0.026025 0.115374 0.308483
2 0.218973 0.535712 0.064352 0.228108 0.301118
2 0.473967 0.532291 0.029090 0.063003 0.264781
7 0.383269 0.481711 0.111707 0.260984 0.254976
