2 0.680929 0.437654 0.070363 0.074699 0.834814
2 0.355692 0.444791 0.095284 0.063022 0.830409
2 0.760476 0.437038 0.080628 0.076598 0.823880
2 0.917314 0.444543 0.080612 0.106224 0.796773
2 0.204168 0.436927 0.061346 0.049220 0.768032
2 0.132422 0.428674 0.045138 0.055366 0.759354
2 0.056313 0.453965 0.111209 0.154345 0.680751
2 0.272347 0.435928 0.086312 0.062904 0.563353
2 0.793630 0.405827 0.051863 0.054592 0.534729
2 0.010946 0.489641 0.021584 0.134547 0.461400
2 0.827620 0.402459 0.025682 0.038122 0.430979
2 0.850382 0.396626 0.022565 0.030745 0.393815
2 0.953530 0.427178 0.024453 0.067597 0.278633
