2 0.576299 0.486254 0.159397 0.255212 0.898528
2 0.812094 0.488662 0.165553 0.183420 0.895777
2 0.269704 0.527992 0.144064 0.143168 0.891108
2 0.358383 0.497001 0.096181 0.099173 0.890941
2 0.934821 0.542463 0.129280 0.379633 0.885773
2 0.729230 0.446276 0.084254 0.132815 0.805173
7 0.113517 0.552589 0.226899 0.278335 0.676682
2 0.682916 0.445621 0.034659 0.086083 0.657875
2 0.437751 0.473030 0.055547 0.079398 0.637468
2 0.494646 0.876823 0.981615 0.219742 0.561223
2 0.660670 0.440595 0.024662 0.062528 0.499656
2 0.472675 0.468749 0.025921 0.054105 0.404741
2 0.483989 0.454845 0.039047 0.066312 0.314905
