2 0.196312 0.581252 0.193641 0.216342 0.905813
2 0.590690 0.570909 0.122076 0.176943 0.857624
2 0.501727 0.540622 0.066896 0.099223 0.849528
2 0.748566 0.624477 0.313602 0.326475 0.767202
2 0.895570 0.690263 0.208163 0.552590 0.719327
2 0.484873 0.918285 0.964559 0.139331 0.663638
2 0.462336 0.533737 0.028311 0.063857 0.621332
2 0.305818 0.535107 0.053415 0.067098 0.611400
2 0.436909 0.520186 0.030708 0.050569 0.584793
2 0.341194 0.520877 0.022475 0.048522 0.521452
2 0.528544 0.550740 0.071183 0.105805 0.377802
2 0.322384 0.526725 0.030951 0.056562 0.369168
2 0.336408 0.522392 0.029657 0.049148 0.317884
2 0.326783 0.523547 0.031842 0.052368 0.313233
2 0.405650 0.515289 0.017646 0.030756 0.293020
2 0.518633 0.552753 0.050882 0.096729 0.292989
2 0.356373 0.513199 0.021818 0.038660 0.277687
