2 0.459137 0.589152 0.244806 0.394430 0.896640
5 0.747625 0.487280 0.174987 0.147234 0.875768
2 0.295523 0.497690 0.117723 0.162524 0.859093
2 0.866776 0.516430 0.068218 0.057226 0.755545
9 0.629941 0.171521 0.015547 0.083558 0.734120
9 0.098430 0.252028 0.012559 0.044627 0.545238
2 0.639043 0.498946 0.045694 0.050220 0.489291
9 0.112244 0.253507 0.011462 0.042150 0.476915
2 0.029498 0.461610 0.058528 0.044705 0.455131
2 0.124835 0.464747 0.032094 0.037520 0.399385
2 0.046317 0.461661 0.086709 0.044575 0.392392
9 0.107017 0.252562 0.020897 0.044464 0.358494
2 0.411832 0.908856 0.823663 0.170967 0.355919
2 0.910282 0.507535 0.030722 0.029488 0.330086
7 0.977839 0.575656 0.043799 0.294903 0.281813
2 0.598337 0.493831 0.034511 0.034916 0.278961
2 0.230868 0.467576 0.021582 0.031374 0.265804
2 0.593299 0.491827 0.035166 0.034352 0.264791
