5 0.760710 0.467804 0.474377 0.932774 0.942458
2 0.212045 0.475926 0.150993 0.192094 0.899527
2 0.061802 0.573687 0.122260 0.427200 0.830367
2 0.294859 0.451530 0.045309 0.099695 0.710559
2 0.334840 0.446408 0.033514 0.046714 0.686482
2 0.442792 0.452352 0.023619 0.031075 0.641505
2 0.516609 0.478704 0.030271 0.055325 0.610893
2 0.360749 0.438688 0.020661 0.024383 0.456904
0 0.131921 0.436428 0.012518 0.055818 0.378355
2 0.496747 0.886032 0.985664 0.197575 0.304740
2 0.504325 0.474511 0.029323 0.053059 0.291526
2 0.395443 0.437019 0.013926 0.025593 0.269013
