2 0.715638 0.611883 0.191833 0.207774 0.906968
2 0.973693 0.661981 0.051509 0.198210 0.679588
2 0.627074 0.537579 0.045176 0.069603 0.616447
2 0.313540 0.549899 0.120378 0.141113 0.605002
2 0.190542 0.526144 0.084009 0.074246 0.599234
2 0.547829 0.534364 0.048234 0.058270 0.598938
2 0.036684 0.541073 0.071897 0.093115 0.444843
0 0.821175 0.553517 0.017498 0.082803 0.426156
2 0.467991 0.534367 0.052166 0.070638 0.410146
2 0.338491 0.561883 0.072253 0.114495 0.304654
2 0.128581 0.525836 0.069002 0.093755 0.301564
9 0.916373 0.046024 0.033656 0.049760 0.272507
2 0.425581 0.514373 0.031687 0.044460 0.272094
7 0.386872 0.506378 0.053983 0.117675 0.255562
