2 0.910278 0.781323 0.178354 0.421898 0.888906
2 0.776996 0.763581 0.255087 0.290139 0.876968
2 0.177070 0.712776 0.160076 0.216560 0.840282
2 0.269475 0.694440 0.090967 0.149714 0.795945
2 0.080348 0.701062 0.160085 0.329731 0.711927
2 0.585991 0.695106 0.099132 0.132973 0.710069
7 0.364241 0.654234 0.109251 0.196907 0.685782
2 0.527468 0.683415 0.044358 0.078848 0.645065
2 0.458364 0.671165 0.033609 0.041863 0.569852
2 0.493269 0.673135 0.024808 0.043795 0.300368
2 0.435397 0.666444 0.025676 0.040366 0.289398
2 0.483834 0.671372 0.024241 0.041049 0.258874
