2 0.133738 0.481655 0.153117 0.145121 0.830347
2 0.783805 0.504745 0.110125 0.150262 0.741891
2 0.392691 0.465543 0.047272 0.058609 0.697023
2 0.529496 0.457150 0.041487 0.062485 0.563143
2 0.445056 0.461504 0.029139 0.043189 0.560902
2 0.721579 0.508525 0.057406 0.092140 0.504619
2 0.032861 0.492594 0.065374 0.165435 0.395677
2 0.619689 0.472900 0.028479 0.034612 0.389506
2 0.666116 0.495577 0.026650 0.072924 0.332694
2 0.644160 0.479725 0.025448 0.049681 0.322433
2 0.421630 0.464203 0.020834 0.052869 0.301397
9 0.494030 0.374086 0.012378 0.033858 0.299980
2 0.438925 0.462905 0.019815 0.044392 0.288036
2 0.243776 0.483858 0.081838 0.086841 0.285321
9 0.982018 0.289725 0.027956 0.117282 0.266271
2 0.568083 0.466025 0.021964 0.025907 0.256163
