2 0.578757 0.478946 0.098322 0.124048 0.691579
2 0.530265 0.454633 0.066630 0.101601 0.586025
9 0.487739 0.356248 0.012403 0.036618 0.396342
9 0.371622 0.324421 0.015117 0.036133 0.358570
2 0.349214 0.430149 0.017920 0.037220 0.336297
2 0.488499 0.447266 0.027970 0.068041 0.335099
2 0.421027 0.434122 0.022730 0.024709 0.301706
2 0.457325 0.440089 0.025790 0.026180 0.289709
9 0.417316 0.334673 0.011437 0.030683 0.278679
5 0.761938 0.433936 0.091949 0.252980 0.269468
2 0.501351 0.443082 0.036267 0.078870 0.263726
