0 0.829132 0.601513 0.079061 0.416228 0.799313
0 0.123476 0.571858 0.073393 0.418099 0.791788
0 0.481367 0.614066 0.080970 0.332626 0.717925
9 0.978010 0.039382 0.032050 0.076021 0.692847
0 0.969776 0.577058 0.058061 0.224125 0.573440
2 0.532542 0.488419 0.070333 0.085421 0.564245
2 0.218031 0.483521 0.131909 0.093539 0.543194
0 0.069126 0.602196 0.069683 0.359447 0.536384
2 0.615479 0.501710 0.082012 0.068064 0.461847
9 0.727529 0.409225 0.019739 0.040905 0.431117
24 0.859228 0.534289 0.036089 0.102753 0.380222
2 0.603754 0.501409 0.054286 0.069504 0.331141
26 0.859478 0.534253 0.035358 0.100492 0.313909
0 0.702038 0.493524 0.021825 0.094694 0.312444
9 0.607696 0.263524 0.020098 0.064989 0.301349
9 0.565176 0.301445 0.018313 0.047308 0.297330
