2 0.607881 0.657552 0.188716 0.261335 0.898526
2 0.722461 0.610081 0.086304 0.123118 0.823763
0 0.921368 0.617926 0.022412 0.118282 0.625508
2 0.501378 0.582169 0.091360 0.093806 0.555275
0 0.942436 0.618895 0.022323 0.118589 0.485762
0 0.415968 0.594697 0.024224 0.164394 0.445372
0 0.433245 0.583062 0.024211 0.138558 0.406572
2 0.967443 0.605080 0.028433 0.043216 0.402871
0 0.414665 0.575637 0.022079 0.129656 0.395448
0 0.432933 0.564773 0.021269 0.090879 0.347798
0 0.427933 0.594813 0.035486 0.159995 0.285825
0 0.986701 0.633049 0.025918 0.127109 0.258035
1 0.424578 0.639472 0.034235 0.077805 0.254251
