7 0.666559 0.588570 0.188381 0.263205 0.877250
2 0.093493 0.572686 0.186714 0.151622 0.822173
2 0.779383 0.716369 0.237504 0.227588 0.815499
2 0.405275 0.625773 0.098968 0.140150 0.757998
2 0.558524 0.619390 0.039758 0.115955 0.750239
2 0.941479 0.823918 0.116098 0.303386 0.677776
2 0.163116 0.806361 0.324765 0.364163 0.553866
2 0.529840 0.606711 0.034128 0.058158 0.414214
2 0.479034 0.592993 0.025239 0.040606 0.348851
2 0.494102 0.596563 0.017770 0.047311 0.324317
2 0.507082 0.599991 0.027471 0.056857 0.316542
2 0.291762 0.610732 0.046507 0.084576 0.283385
2 0.511677 0.601585 0.021206 0.057575 0.270080
2 0.515586 0.603567 0.017390 0.053696 0.261398
