2 0.061876 0.516411 0.123572 0.163731 0.812178
2 0.241256 0.517626 0.173732 0.177170 0.803739
2 0.472169 0.497522 0.074159 0.096324 0.616751
2 0.973573 0.741979 0.052277 0.217982 0.613076
2 0.541796 0.502110 0.039395 0.039184 0.520477
2 0.816954 0.525403 0.109242 0.078283 0.417487
2 0.337091 0.484847 0.036615 0.044360 0.344461
9 0.359833 0.203401 0.024446 0.077489 0.336035
2 0.407652 0.477769 0.037221 0.051411 0.317414
2 0.594650 0.523603 0.034000 0.034057 0.289741
9 0.523152 0.298942 0.018389 0.059378 0.282163
2 0.433230 0.485755 0.019100 0.042928 0.257587
