2 0.777475 0.505991 0.151436 0.217264 0.889889
0 0.530577 0.557020 0.114093 0.403791 0.847401
0 0.462090 0.521293 0.041903 0.234158 0.656525
2 0.199730 0.542110 0.045624 0.063550 0.655915
0 0.424195 0.531797 0.046420 0.221959 0.630334
26 0.494567 0.637976 0.056332 0.080986 0.531808
26 0.494170 0.618257 0.058431 0.122929 0.525589
0 0.132316 0.563470 0.034486 0.198130 0.474566
2 0.306720 0.519657 0.135451 0.112229 0.460323
0 0.012221 0.556643 0.020975 0.094527 0.356833
2 0.961424 0.458171 0.059458 0.071322 0.281001
