2 0.119899 0.614416 0.184987 0.154970 0.882664
2 0.032373 0.650194 0.064446 0.173597 0.861341
2 0.213974 0.604302 0.083512 0.112876 0.763767
0 0.313359 0.581657 0.021976 0.079884 0.538522
9 0.341042 0.412531 0.015509 0.048359 0.490269
9 0.455781 0.395080 0.020018 0.048152 0.407521
0 0.597848 0.596675 0.016571 0.082667 0.377902
2 0.467484 0.576120 0.024184 0.045421 0.360974
2 0.441730 0.568934 0.015944 0.023830 0.350245
9 0.428413 0.508740 0.012499 0.025170 0.299038
2 0.488577 0.587921 0.029911 0.034656 0.267595
