2 0.705265 0.580924 0.129767 0.153696 0.814325
2 0.270221 0.543555 0.068529 0.158758 0.698857
2 0.132222 0.567832 0.263322 0.315564 0.653251
2 0.591203 0.549568 0.056038 0.067671 0.648025
2 0.802370 0.591145 0.069068 0.074954 0.646133
2 0.629332 0.557894 0.064255 0.112945 0.628107
2 0.329636 0.528270 0.045832 0.108266 0.596378
2 0.302371 0.532359 0.048511 0.120740 0.462651
2 0.363122 0.523307 0.051769 0.075191 0.455121
2 0.392406 0.514419 0.027225 0.053460 0.446572
2 0.353699 0.525941 0.034733 0.078324 0.399207
2 0.370685 0.524778 0.035800 0.070559 0.376460
2 0.296107 0.533738 0.076628 0.128634 0.312206
2 0.623452 0.566098 0.051574 0.094424 0.273421
2 0.418558 0.514507 0.034778 0.040413 0.269088
