2 0.866987 0.700101 0.264841 0.459000 0.606207
2 0.696591 0.506688 0.088458 0.155884 0.591767
2 0.759173 0.518997 0.126525 0.167300 0.560525
2 0.149539 0.469735 0.057077 0.052586 0.515780
2 0.568598 0.468935 0.038556 0.054858 0.412012
2 0.046275 0.464423 0.089626 0.081333 0.399744
2 0.869081 0.959182 0.260780 0.076784 0.388697
2 0.605961 0.485720 0.055882 0.070094 0.380684
2 0.639204 0.505713 0.041755 0.082686 0.367639
9 0.049343 0.391037 0.016605 0.071989 0.365728
2 0.609272 0.489721 0.043796 0.062094 0.356562
2 0.437521 0.460587 0.037692 0.050784 0.344385
2 0.488716 0.470596 0.030112 0.065314 0.330938
2 0.642687 0.497383 0.050416 0.077588 0.291681
2 0.728167 0.511404 0.153324 0.165253 0.288535
2 0.467602 0.452329 0.027626 0.047549 0.262970
2 0.649715 0.489717 0.062876 0.118286 0.250185
