2 0.130941 0.630194 0.261591 0.406221 0.861423
2 0.794870 0.553809 0.119938 0.198112 0.610836
2 0.729059 0.514619 0.107489 0.191396 0.565421
2 0.332069 0.508320 0.179315 0.186468 0.435993
2 0.433033 0.486002 0.067928 0.100318 0.434893
2 0.906693 0.540917 0.185608 0.424551 0.419988
2 0.665405 0.490860 0.064743 0.107650 0.384603
2 0.662473 0.510834 0.052513 0.071891 0.372013
2 0.432721 0.493262 0.054725 0.085975 0.309034
2 0.712718 0.545306 0.070561 0.130634 0.305353
2 0.541735 0.463069 0.020691 0.029856 0.276730
