7 0.128548 0.538844 0.254341 0.280548 0.694772
2 0.744212 0.562248 0.255077 0.250604 0.657437
7 0.535656 0.464288 0.065036 0.092136 0.450024
2 0.304626 0.479056 0.089642 0.109696 0.434995
2 0.420786 0.477306 0.074539 0.090117 0.420320
2 0.535720 0.464585 0.065310 0.091463 0.375934
2 0.248300 0.486437 0.042300 0.076018 0.356417
7 0.421155 0.478233 0.074411 0.093586 0.344672
2 0.419858 0.516675 0.060205 0.048847 0.326634
2 0.355935 0.476052 0.020410 0.041833 0.308168
2 0.374773 0.472028 0.022420 0.041813 0.260645
