2 0.212766 0.502186 0.075629 0.085626 0.537991
2 0.708400 0.531377 0.092395 0.178181 0.451947
9 0.685039 0.144333 0.018652 0.086854 0.440308
2 0.692808 0.517907 0.124626 0.163563 0.400341
2 0.814766 0.562690 0.227254 0.229902 0.387091
9 0.302735 0.359725 0.020043 0.054341 0.371385
2 0.587818 0.503335 0.059954 0.121768 0.323741
9 0.467740 0.347509 0.015346 0.037350 0.315116
2 0.711522 0.566099 0.082405 0.152637 0.310153
2 0.101222 0.525152 0.106635 0.117895 0.271071
2 0.600030 0.506294 0.057881 0.120107 0.268060
9 0.560755 0.329096 0.026295 0.061034 0.258649
2 0.644396 0.509419 0.078916 0.152692 0.255498
2 0.597567 0.519860 0.037663 0.091986 0.251244
