2 0.689878 0.524672 0.127645 0.175829 0.724769
2 0.344838 0.484010 0.064250 0.125348 0.672858
2 0.591842 0.479814 0.058914 0.090517 0.662670
2 0.620766 0.503722 0.060488 0.118987 0.653868
2 0.247788 0.496512 0.180923 0.177204 0.489479
2 0.390637 0.468535 0.043409 0.065805 0.464655
2 0.354124 0.482891 0.046070 0.121868 0.438508
2 0.557453 0.465732 0.032343 0.072633 0.387356
2 0.760862 0.560173 0.128259 0.223761 0.369022
2 0.889537 0.608035 0.220863 0.278875 0.324907
9 0.469407 0.380750 0.008690 0.021835 0.260276
