2 0.795644 0.423917 0.127418 0.179560 0.798602
2 0.905373 0.428536 0.188872 0.324350 0.772301
2 0.218061 0.472965 0.087188 0.090771 0.710584
2 0.024622 0.497225 0.048754 0.203087 0.665075
2 0.729555 0.410404 0.059084 0.128736 0.495754
2 0.323169 0.445949 0.050807 0.058630 0.477876
2 0.292827 0.461298 0.042312 0.061085 0.450525
2 0.481738 0.420361 0.042051 0.047143 0.422953
2 0.675965 0.409506 0.031129 0.060559 0.404405
2 0.113231 0.508290 0.132796 0.089075 0.376568
9 0.590841 0.345063 0.013641 0.027313 0.349346
2 0.383698 0.436698 0.044912 0.040777 0.317443
2 0.417220 0.420751 0.048841 0.055675 0.310358
2 0.738702 0.412422 0.048466 0.126886 0.305576
2 0.720111 0.410340 0.047303 0.126336 0.301004
2 0.710940 0.407535 0.030461 0.122075 0.254496
