2 0.817881 0.771651 0.362741 0.430816 0.878322
2 0.648009 0.644335 0.203426 0.258945 0.792199
2 0.218954 0.589407 0.064231 0.123496 0.590728
2 0.261375 0.558249 0.079129 0.106770 0.570095
2 0.313746 0.558303 0.047159 0.076498 0.540372
2 0.492079 0.569111 0.036209 0.082892 0.532598
2 0.544257 0.559709 0.092414 0.128538 0.451014
7 0.105050 0.621475 0.209608 0.346168 0.406699
2 0.366253 0.540367 0.055636 0.057623 0.329648
2 0.190941 0.628993 0.061367 0.165974 0.316733
2 0.548668 0.921116 0.204446 0.152261 0.276948
