2 0.778869 0.553000 0.441566 0.532009 0.920756
2 0.351941 0.433926 0.058572 0.081521 0.790065
2 0.226472 0.457430 0.055062 0.107095 0.748191
2 0.255408 0.443651 0.048902 0.092022 0.671611
2 0.082770 0.473648 0.163241 0.236778 0.657489
7 0.601889 0.394057 0.267848 0.417667 0.573058
2 0.430981 0.424411 0.033016 0.056867 0.563825
2 0.278225 0.430897 0.039871 0.077714 0.518843
2 0.460453 0.440189 0.036456 0.101903 0.495902
5 0.602708 0.392892 0.270224 0.417515 0.434279
2 0.198262 0.471176 0.048249 0.122090 0.423928
2 0.304437 0.429352 0.023228 0.043961 0.403319
2 0.465034 0.445507 0.029653 0.108521 0.317204
2 0.407608 0.418418 0.018746 0.034521 0.291926
