2 0.174702 0.456685 0.123751 0.133390 0.892342
2 0.511441 0.447533 0.089989 0.111551 0.877812
2 0.928549 0.449023 0.141690 0.178079 0.805259
0 0.733113 0.435110 0.030235 0.143415 0.798058
0 0.693340 0.440131 0.028434 0.139689 0.779979
2 0.246968 0.445234 0.053047 0.099554 0.768550
2 0.279226 0.441628 0.040120 0.082416 0.711898
2 0.340493 0.425379 0.028248 0.048494 0.608279
2 0.303849 0.433997 0.025739 0.055967 0.462679
2 0.467802 0.441077 0.035161 0.079391 0.421897
2 0.299767 0.435796 0.028195 0.064285 0.411016
9 0.526059 0.024603 0.019434 0.049207 0.373476
9 0.067624 0.291946 0.011667 0.038068 0.357533
2 0.316615 0.430854 0.021416 0.051265 0.352099
2 0.440019 0.428857 0.028897 0.050186 0.338169
2 0.448718 0.430607 0.028426 0.056603 0.315691
9 0.501418 0.024474 0.029220 0.047002 0.295887
2 0.465245 0.444742 0.030436 0.063079 0.281929
9 0.511421 0.024730 0.048326 0.048913 0.274409
2 0.435971 0.426356 0.021474 0.037747 0.269586
2 0.454461 0.430356 0.023282 0.059454 0.256735
