2 0.867550 0.580939 0.263576 0.514135 0.925334
2 0.719892 0.514996 0.267980 0.304474 0.908495
2 0.048386 0.475457 0.096378 0.172789 0.906090
7 0.614873 0.395349 0.170722 0.275924 0.817171
2 0.202697 0.447852 0.055919 0.091036 0.786417
2 0.137941 0.449781 0.111807 0.134458 0.752785
2 0.297860 0.430682 0.037716 0.048951 0.704488
2 0.238078 0.441038 0.042804 0.079699 0.642223
2 0.517510 0.434091 0.038782 0.065211 0.616822
2 0.264225 0.434878 0.032659 0.067861 0.596936
2 0.496587 0.429282 0.024407 0.060192 0.499973
2 0.500480 0.878609 0.994017 0.214268 0.469839
9 0.372247 0.347030 0.011920 0.026232 0.437738
2 0.480564 0.419971 0.020828 0.034236 0.425973
2 0.423739 0.421973 0.019076 0.035116 0.353768
2 0.439852 0.420851 0.018650 0.035294 0.351962
9 0.446779 0.351449 0.011596 0.025099 0.314906
2 0.329683 0.425676 0.031558 0.048059 0.296378
2 0.396802 0.420663 0.012495 0.019239 0.291032
2 0.489981 0.428007 0.013474 0.055123 0.279591
