2 0.847949 0.597794 0.302337 0.473737 0.934661
2 0.659659 0.488735 0.196458 0.213866 0.912380
2 0.064440 0.510625 0.128267 0.291555 0.908403
2 0.267358 0.430657 0.060327 0.099428 0.836470
0 0.541993 0.446412 0.071526 0.338083 0.830082
0 0.476004 0.434007 0.037637 0.198954 0.821202
2 0.231401 0.443107 0.055251 0.123616 0.816875
24 0.555193 0.364998 0.041957 0.092785 0.806287
2 0.143605 0.455032 0.153281 0.206915 0.791343
2 0.298564 0.414313 0.042405 0.086864 0.672453
2 0.327707 0.412599 0.029674 0.063216 0.647060
1 0.549950 0.550904 0.042025 0.186503 0.570870
0 0.452034 0.412755 0.020837 0.130514 0.478500
2 0.345071 0.410369 0.023023 0.055043 0.417332
1 0.472151 0.493798 0.032858 0.113582 0.416133
2 0.500741 0.406540 0.021893 0.040657 0.361501
2 0.500613 0.432488 0.023492 0.092113 0.353596
1 0.454898 0.481474 0.020849 0.092999 0.313066
7 0.367120 0.389799 0.033038 0.064749 0.302008
2 0.404169 0.401678 0.021012 0.030661 0.288960
0 0.451673 0.395514 0.021422 0.092943 0.276735
2 0.404158 0.399036 0.029934 0.047960 0.258244
