2 0.102485 0.633305 0.204805 0.240438 0.856046
2 0.240156 0.544110 0.088914 0.101381 0.849373
2 0.789772 0.471210 0.118514 0.079273 0.825553
2 0.389014 0.532052 0.079391 0.111043 0.806475
0 0.583664 0.491124 0.026671 0.098817 0.549926
9 0.476864 0.327783 0.017044 0.051308 0.528194
5 0.124441 0.493979 0.100710 0.095191 0.377845
2 0.191978 0.501610 0.036345 0.047535 0.370140
9 0.468762 0.083791 0.033572 0.101728 0.352208
9 0.898850 0.254561 0.019405 0.056330 0.329465
9 0.837648 0.325177 0.021494 0.050103 0.282746
