2 0.643080 0.634522 0.270053 0.166069 0.858185
2 0.797680 0.592073 0.194973 0.111716 0.597673
2 0.461623 0.617313 0.054487 0.058032 0.544818
9 0.266543 0.518260 0.018389 0.039170 0.496853
9 0.550275 0.401839 0.016353 0.047446 0.432481
2 0.497901 0.601764 0.055489 0.070117 0.424039
2 0.120842 0.633648 0.041331 0.052335 0.421360
2 0.213841 0.628302 0.109192 0.068410 0.411435
9 0.654962 0.476650 0.016277 0.043585 0.400380
9 0.909024 0.441086 0.013509 0.042619 0.348317
2 0.245607 0.622408 0.055734 0.066505 0.263921
