2 0.710206 0.593568 0.162495 0.211503 0.893186
2 0.843264 0.588847 0.131413 0.168767 0.884634
2 0.083510 0.627611 0.153528 0.141547 0.879066
2 0.980459 0.671640 0.038172 0.172970 0.568553
2 0.208435 0.600534 0.076576 0.085641 0.525845
2 0.298053 0.577474 0.055075 0.058086 0.474632
9 0.603384 0.446295 0.012840 0.031838 0.399357
9 0.455190 0.445622 0.011391 0.028509 0.388852
2 0.576443 0.538899 0.027100 0.043851 0.363192
2 0.324418 0.578733 0.032824 0.042652 0.359502
2 0.046289 0.600452 0.092278 0.117301 0.348870
2 0.354885 0.573037 0.034735 0.034084 0.332464
2 0.622081 0.552387 0.020754 0.042185 0.263635
