2 0.715014 0.547091 0.101367 0.145430 0.618987
2 0.221010 0.557712 0.060695 0.085342 0.610742
2 0.789810 0.573684 0.169497 0.198902 0.604629
2 0.652242 0.541137 0.065240 0.092757 0.566968
2 0.702757 0.543005 0.075783 0.134791 0.533791
2 0.920150 0.626550 0.156718 0.232975 0.526696
2 0.101408 0.547960 0.195839 0.213631 0.519968
2 0.270139 0.537101 0.078111 0.086044 0.467640
2 0.987353 0.687376 0.024577 0.177054 0.442167
2 0.616201 0.521836 0.040464 0.074991 0.409259
2 0.607119 0.506820 0.059363 0.083185 0.315711
2 0.658496 0.532431 0.078458 0.105979 0.313978
2 0.255586 0.536437 0.055493 0.085108 0.258602
