2 0.862273 0.706629 0.274224 0.285812 0.911101
2 0.095009 0.660943 0.189582 0.310946 0.909723
2 0.433501 0.606493 0.110258 0.138831 0.811680
2 0.668364 0.640909 0.164328 0.156588 0.799851
2 0.281307 0.565494 0.041593 0.054635 0.660547
2 0.383118 0.560095 0.045297 0.076457 0.640198
9 0.417137 0.391882 0.018177 0.051788 0.517728
9 0.304310 0.351178 0.020707 0.059769 0.405873
9 0.612970 0.477018 0.009191 0.020933 0.278211
5 0.353542 0.549709 0.040339 0.086875 0.276677
9 0.504015 0.511394 0.008602 0.020611 0.255650
