2 0.618321 0.602538 0.126392 0.157775 0.793463
2 0.261121 0.600784 0.118081 0.167190 0.767655
2 0.542012 0.579953 0.055054 0.068816 0.742218
7 0.116433 0.626902 0.232831 0.361241 0.684457
2 0.837763 0.696564 0.322380 0.283429 0.487229
2 0.345134 0.563626 0.065403 0.099267 0.441232
2 0.511719 0.560486 0.032688 0.057749 0.377751
2 0.518179 0.558279 0.046286 0.063947 0.333817
2 0.403506 0.558629 0.030485 0.034791 0.322572
2 0.358089 0.576273 0.039648 0.074165 0.310936
2 0.324212 0.579225 0.033715 0.103132 0.256035
