2 0.619272 0.640379 0.142474 0.201968 0.800238
2 0.570014 0.590684 0.122770 0.175868 0.735531
2 0.199128 0.850486 0.397122 0.274084 0.714387
2 0.814003 0.721964 0.369341 0.387075 0.705997
2 0.949299 0.779440 0.100835 0.218635 0.695817
2 0.317157 0.586188 0.059542 0.065355 0.499254
2 0.218120 0.605478 0.115245 0.109277 0.416917
2 0.307668 0.586833 0.041806 0.062993 0.299061
2 0.485755 0.578760 0.082343 0.103507 0.289673
2 0.189502 0.631250 0.172740 0.162394 0.274464
62 0.213530 0.297514 0.404824 0.415764 0.266816
