2 0.482978 0.403519 0.089645 0.133660 0.808140
2 0.781949 0.416722 0.258108 0.221399 0.789009
2 0.084305 0.360180 0.167826 0.172302 0.766628
2 0.209571 0.371291 0.108075 0.159732 0.753812
2 0.639967 0.414849 0.101719 0.146068 0.703816
2 0.279502 0.372790 0.058382 0.111678 0.599300
2 0.542837 0.394544 0.027738 0.059476 0.425633
2 0.571020 0.394899 0.045123 0.075655 0.422845
9 0.480538 0.256793 0.017458 0.045286 0.316748
2 0.388547 0.366024 0.037776 0.053192 0.303996
2 0.578527 0.398462 0.031679 0.078485 0.270901
