2 0.069651 0.627226 0.136464 0.139866 0.847767
2 0.162855 0.621336 0.079063 0.115698 0.673423
2 0.560705 0.641871 0.073599 0.099480 0.657934
2 0.699927 0.658377 0.243546 0.276723 0.642170
2 0.226819 0.621241 0.059085 0.087664 0.567304
2 0.268788 0.612060 0.054787 0.075662 0.517852
2 0.308318 0.612062 0.042486 0.054840 0.406344
2 0.899916 0.661890 0.200016 0.250196 0.402033
2 0.658950 0.657022 0.162868 0.270860 0.389661
2 0.391643 0.603421 0.028157 0.038481 0.274321
2 0.853036 0.739339 0.289626 0.384840 0.256834
