2 0.937027 0.703235 0.124848 0.228594 0.848049
2 0.556751 0.617975 0.024683 0.031018 0.715143
2 0.624045 0.626309 0.059484 0.084554 0.714004
2 0.643159 0.640618 0.042073 0.078728 0.624107
2 0.709821 0.643190 0.107559 0.131650 0.544354
2 0.828533 0.659315 0.180517 0.203268 0.460836
2 0.589782 0.630584 0.024778 0.056316 0.449744
7 0.829671 0.659644 0.181660 0.203280 0.338447
2 0.693510 0.641906 0.079822 0.129071 0.302964
2 0.030545 0.626730 0.060862 0.049463 0.252421
2 0.767566 0.670352 0.062508 0.142295 0.250197
