2 0.060459 0.723887 0.120497 0.105131 0.873524
2 0.162727 0.696221 0.085179 0.076213 0.591848
2 0.266943 0.668187 0.043278 0.045476 0.550641
0 0.975080 0.649039 0.021136 0.104687 0.530892
9 0.068261 0.298440 0.021574 0.070738 0.461710
0 0.704353 0.636021 0.013606 0.097497 0.397322
0 0.720169 0.640746 0.022318 0.096107 0.392340
0 0.693959 0.628556 0.016633 0.093695 0.361023
9 0.684954 0.471473 0.020670 0.054271 0.345571
9 0.107096 0.300646 0.015787 0.059846 0.324379
5 0.439843 0.628415 0.036016 0.071908 0.301734
2 0.439854 0.629662 0.036398 0.071884 0.300298
2 0.149801 0.697163 0.059224 0.075145 0.292316
9 0.667694 0.577036 0.011395 0.018798 0.274846
2 0.312462 0.659180 0.022901 0.034064 0.253549
