2 0.098578 0.560783 0.196310 0.242517 0.826141
2 0.544797 0.495485 0.173115 0.203196 0.780215
2 0.670950 0.558924 0.263398 0.324377 0.702955
2 0.223537 0.473378 0.053384 0.098754 0.686940
2 0.255802 0.463719 0.039115 0.067074 0.552312
2 0.415873 0.461028 0.035790 0.067257 0.527230
2 0.280638 0.459576 0.031609 0.057674 0.497130
2 0.199717 0.497032 0.045360 0.095466 0.457412
2 0.409736 0.459683 0.041040 0.069749 0.439968
2 0.388088 0.450251 0.035156 0.056278 0.395316
2 0.308659 0.446054 0.018538 0.041668 0.394977
2 0.435448 0.476233 0.041361 0.089718 0.353084
2 0.480741 0.482620 0.063336 0.138109 0.274827
