2 0.449255 0.631072 0.245157 0.344796 0.885833
0 0.779753 0.500696 0.043225 0.132069 0.850279
0 0.107332 0.581492 0.039952 0.199259 0.773125
2 0.614366 0.510235 0.050038 0.059082 0.702640
0 0.186957 0.540223 0.026162 0.134259 0.612264
0 0.162642 0.545281 0.027462 0.129145 0.604462
2 0.053859 0.822643 0.107014 0.273734 0.555032
0 0.324713 0.527788 0.024295 0.124270 0.402919
2 0.567569 0.500956 0.023450 0.038958 0.358326
9 0.582025 0.251826 0.023717 0.050492 0.334084
2 0.584030 0.506443 0.022759 0.044562 0.320962
9 0.305200 0.173517 0.026316 0.050674 0.270490
