2 0.100317 0.564308 0.200323 0.160087 0.893859
2 0.870503 0.540752 0.258101 0.386747 0.890193
2 0.658762 0.515155 0.117545 0.149058 0.887137
2 0.451462 0.562006 0.275007 0.315312 0.822818
9 0.861278 0.238533 0.021620 0.076834 0.692597
2 0.600690 0.496948 0.051584 0.080837 0.539757
0 0.756865 0.479802 0.024612 0.061760 0.523487
9 0.121791 0.326669 0.030293 0.097196 0.503857
2 0.787386 0.494907 0.034019 0.041679 0.313504
9 0.842197 0.016833 0.030695 0.033123 0.283162
7 0.570840 0.461818 0.057148 0.106473 0.280030
2 0.571090 0.459708 0.057219 0.102167 0.260189
