2 0.121682 0.475282 0.242398 0.394754 0.895511
2 0.623123 0.400776 0.090160 0.103837 0.862561
2 0.479250 0.401435 0.083380 0.132399 0.757439
2 0.912569 0.454327 0.173866 0.350833 0.678955
2 0.548283 0.388456 0.039449 0.054988 0.552809
7 0.912594 0.453922 0.173643 0.351518 0.477352
9 0.415855 0.290896 0.011608 0.029238 0.425910
2 0.499536 0.868766 0.993676 0.239399 0.414340
2 0.422495 0.379369 0.036190 0.048130 0.400611
9 0.657718 0.333948 0.007212 0.022438 0.322695
0 0.758858 0.395306 0.014701 0.069695 0.320734
0 0.318439 0.378279 0.012527 0.067092 0.277115
9 0.313321 0.308527 0.014979 0.035543 0.276922
