2 0.756074 0.750630 0.184686 0.194121 0.895937
2 0.426484 0.767260 0.143695 0.211732 0.865084
0 0.982381 0.775006 0.034724 0.218831 0.732666
2 0.631339 0.717258 0.106174 0.126909 0.714130
0 0.888878 0.737896 0.035767 0.165015 0.565446
2 0.565792 0.708782 0.046173 0.070880 0.538768
0 0.920997 0.739146 0.035576 0.161816 0.515277
0 0.850978 0.700052 0.017244 0.091670 0.469043
9 0.483145 0.572396 0.013390 0.026717 0.315585
1 0.880687 0.793967 0.040621 0.104163 0.310039
2 0.536577 0.713149 0.018550 0.047883 0.302580
1 0.873974 0.787712 0.051553 0.113732 0.278776
9 0.268891 0.574833 0.011590 0.026060 0.264699
2 0.275515 0.728366 0.092332 0.130376 0.263270
