2 0.415025 0.586721 0.186808 0.252831 0.919846
2 0.108314 0.553324 0.112382 0.107262 0.809116
2 0.222523 0.537727 0.050111 0.077025 0.681460
2 0.027200 0.558692 0.054242 0.122032 0.645369
2 0.779965 0.538634 0.085773 0.121693 0.470868
2 0.270136 0.529021 0.054834 0.074994 0.402368
2 0.519301 0.531150 0.054805 0.077754 0.391424
2 0.695072 0.523133 0.090494 0.104320 0.391124
2 0.204219 0.542111 0.086610 0.085466 0.383897
2 0.186326 0.541831 0.051207 0.084683 0.377301
9 0.582115 0.439552 0.015440 0.036034 0.324868
9 0.748102 0.421828 0.018956 0.042181 0.285212
