2 0.706417 0.450732 0.139948 0.143894 0.864636
2 0.574961 0.390892 0.062805 0.093356 0.797223
2 0.049762 0.399680 0.099241 0.096933 0.791840
2 0.632177 0.410230 0.106967 0.120999 0.766726
2 0.508248 0.367084 0.040745 0.054672 0.647393
2 0.531212 0.382849 0.043678 0.064916 0.621757
2 0.133488 0.384486 0.030578 0.063922 0.536655
2 0.482259 0.361602 0.028112 0.043478 0.471384
2 0.459305 0.355063 0.023206 0.034492 0.402933
2 0.221763 0.365561 0.032629 0.043347 0.327203
2 0.493735 0.361705 0.021509 0.045936 0.309159
