2 0.365533 0.492504 0.042109 0.050411 0.725228
2 0.313258 0.501862 0.071291 0.073666 0.720383
2 0.125365 0.519906 0.170451 0.152793 0.718568
2 0.720054 0.505716 0.128952 0.179957 0.638543
2 0.621731 0.501259 0.048743 0.085554 0.491026
2 0.858245 0.557241 0.276149 0.207093 0.464134
2 0.653187 0.502223 0.063537 0.112039 0.448065
2 0.568852 0.482510 0.031678 0.038553 0.384791
2 0.495675 0.897327 0.984095 0.183217 0.380553
9 0.482169 0.426397 0.010031 0.025090 0.350590
2 0.406770 0.485862 0.034831 0.046924 0.277223
2 0.457053 0.475947 0.019001 0.025722 0.261387
2 0.545968 0.474379 0.015222 0.028146 0.257748
