2 0.093725 0.810203 0.187449 0.150706 0.842079
2 0.698284 0.698222 0.098792 0.112066 0.789360
2 0.617478 0.683030 0.050896 0.056176 0.741418
2 0.248040 0.749063 0.156594 0.107091 0.714660
2 0.405740 0.707924 0.042549 0.053406 0.450222
2 0.655312 0.694125 0.038684 0.077866 0.383443
2 0.374824 0.714650 0.053589 0.065196 0.366564
0 0.904550 0.380264 0.189107 0.712667 0.335025
2 0.464156 0.686829 0.041586 0.027137 0.324605
5 0.112650 0.667903 0.186728 0.164511 0.320712
2 0.361713 0.723058 0.031394 0.067679 0.255605
