2 0.808737 0.607026 0.213502 0.179075 0.851752
2 0.107782 0.633303 0.157185 0.144859 0.629834
2 0.223390 0.599794 0.082864 0.113980 0.613588
2 0.299529 0.593010 0.039695 0.067770 0.424286
2 0.643028 0.573535 0.041015 0.091323 0.414383
2 0.019881 0.667398 0.039568 0.122749 0.408126
2 0.694130 0.590790 0.063811 0.101946 0.387100
2 0.462500 0.562138 0.026425 0.048606 0.377986
2 0.338730 0.573933 0.047798 0.071525 0.360069
2 0.651009 0.575751 0.034282 0.092238 0.311622
2 0.637153 0.571148 0.028543 0.084508 0.296941
2 0.441097 0.566121 0.019533 0.038126 0.292435
2 0.704687 0.568655 0.104538 0.142660 0.291788
2 0.434232 0.565305 0.028655 0.039521 0.254420
