2 0.861263 0.656966 0.276989 0.349959 0.757894
9 0.645482 0.433358 0.017718 0.053652 0.604132
0 0.598459 0.566424 0.026478 0.146309 0.596973
2 0.070450 0.604252 0.083230 0.073865 0.496379
2 0.333920 0.580100 0.068806 0.057629 0.455794
9 0.880125 0.323405 0.018095 0.068798 0.420920
9 0.178075 0.466844 0.015819 0.042829 0.419214
9 0.178185 0.474723 0.018834 0.059632 0.395971
2 0.647179 0.561990 0.053292 0.061043 0.355596
2 0.558292 0.557828 0.048575 0.059066 0.272379
9 0.647385 0.434568 0.023405 0.058880 0.262382
