2 0.851556 0.704091 0.295827 0.501950 0.889615
2 0.062348 0.609014 0.124692 0.229775 0.849290
2 0.390014 0.538796 0.048940 0.060842 0.781991
2 0.491259 0.546362 0.068499 0.091986 0.759766
2 0.269617 0.535191 0.043711 0.059965 0.737050
2 0.361999 0.520642 0.027316 0.050619 0.624832
2 0.434516 0.532035 0.030793 0.045949 0.601891
2 0.307132 0.521154 0.032077 0.039475 0.480916
2 0.214671 0.555723 0.058648 0.111258 0.371405
2 0.152201 0.570365 0.095448 0.141136 0.348645
2 0.171159 0.569465 0.129854 0.144759 0.279602
