2 0.280857 0.716088 0.395363 0.474478 0.935762
2 0.871115 0.726710 0.256857 0.482507 0.804611
2 0.549828 0.618961 0.048906 0.094423 0.630516
2 0.579530 0.641245 0.061130 0.146764 0.464838
7 0.933389 0.455260 0.132122 0.281223 0.445535
2 0.575215 0.655589 0.052420 0.120187 0.420855
7 0.718136 0.649569 0.263756 0.297411 0.417740
9 0.565791 0.531557 0.013645 0.028247 0.362488
2 0.429218 0.549192 0.162799 0.296099 0.314878
9 0.494549 0.506923 0.017931 0.041839 0.310972
9 0.496032 0.504421 0.024031 0.060638 0.288040
2 0.616470 0.689906 0.069542 0.137207 0.283229
9 0.423912 0.445184 0.027264 0.054014 0.282810
2 0.520304 0.605364 0.028892 0.065821 0.280517
