2 0.881541 0.239679 0.235295 0.323716 0.896483
2 0.764275 0.213196 0.091484 0.160631 0.663123
2 0.976169 0.424310 0.046752 0.271843 0.633672
2 0.409502 0.200805 0.086529 0.152170 0.622985
2 0.730176 0.187056 0.089817 0.143272 0.600990
2 0.655114 0.173619 0.038778 0.075913 0.493761
7 0.215573 0.230907 0.368240 0.298552 0.449796
2 0.683548 0.186898 0.041618 0.133719 0.438450
9 0.554901 0.095505 0.010507 0.030471 0.423212
2 0.462014 0.192381 0.036343 0.112987 0.342026
2 0.500796 0.176511 0.035706 0.072700 0.317699
