2 0.736785 0.516176 0.173080 0.175563 0.775066
2 0.866626 0.561292 0.248229 0.183087 0.757012
2 0.149885 0.470428 0.055813 0.050257 0.699200
2 0.634318 0.502940 0.033516 0.086437 0.682998
2 0.567786 0.477333 0.030779 0.044562 0.635580
2 0.436962 0.466540 0.034311 0.045554 0.622686
2 0.605062 0.484770 0.055968 0.069709 0.553871
2 0.251472 0.464274 0.035508 0.034915 0.475903
2 0.489275 0.468548 0.022522 0.046248 0.461296
2 0.867617 0.962906 0.255939 0.071032 0.374134
2 0.545226 0.469079 0.020907 0.032277 0.302328
2 0.536282 0.466489 0.022179 0.027050 0.299738
2 0.197538 0.468774 0.044377 0.041830 0.279531
2 0.463103 0.463955 0.019535 0.032031 0.269096
