2 0.137490 0.625222 0.274980 0.400582 0.887470
2 0.865055 0.538133 0.268754 0.426588 0.803549
2 0.664549 0.489299 0.067662 0.116786 0.747940
2 0.341566 0.506142 0.187572 0.187015 0.575788
2 0.440821 0.483306 0.059276 0.098458 0.561854
2 0.626784 0.486116 0.036497 0.083686 0.547885
2 0.721694 0.521292 0.089829 0.193955 0.532403
2 0.541989 0.460660 0.021845 0.025592 0.476561
2 0.587868 0.471753 0.026937 0.051107 0.343680
2 0.610180 0.479388 0.027100 0.066281 0.251863
2 0.476058 0.481440 0.033383 0.057696 0.251346
2 0.488211 0.476791 0.025923 0.045033 0.251176
