2 0.225812 0.672431 0.074579 0.091085 0.786449
2 0.159463 0.716104 0.112927 0.150849 0.751151
2 0.067507 0.760882 0.134358 0.203035 0.648181
2 0.270661 0.650126 0.055662 0.073485 0.585374
2 0.930886 0.655124 0.137126 0.200056 0.476576
2 0.506279 0.589948 0.040022 0.037623 0.374097
2 0.640721 0.570172 0.096714 0.169253 0.367933
2 0.549612 0.586002 0.052376 0.078206 0.347243
2 0.627896 0.596680 0.073049 0.118369 0.341969
2 0.590496 0.583727 0.057383 0.107386 0.298762
2 0.331952 0.620028 0.032981 0.047951 0.281593
2 0.843582 0.558522 0.236815 0.281796 0.269457
