2 0.853453 0.547732 0.292511 0.431063 0.898453
2 0.112141 0.596043 0.223097 0.449008 0.862109
2 0.593385 0.452426 0.072011 0.120333 0.602640
2 0.706529 0.448161 0.179605 0.207345 0.595744
9 0.402496 0.117216 0.019477 0.067500 0.454625
9 0.402747 0.126576 0.021614 0.090179 0.403295
9 0.806812 0.273887 0.010023 0.026071 0.346853
9 0.676377 0.175544 0.018800 0.049811 0.341702
2 0.530227 0.358736 0.036742 0.046318 0.311303
2 0.680335 0.424821 0.133853 0.178966 0.293892
2 0.401562 0.367819 0.044999 0.033877 0.253098
