5 0.495779 0.299781 0.066080 0.148846 0.617396
2 0.545456 0.346299 0.039162 0.052904 0.521692
2 0.278106 0.368278 0.100169 0.093363 0.491007
2 0.582934 0.349707 0.034344 0.076978 0.446988
7 0.495493 0.301242 0.066704 0.151020 0.377799
9 0.562104 0.254695 0.008937 0.027373 0.375830
2 0.379340 0.342426 0.023740 0.041051 0.367032
9 0.236288 0.242965 0.013669 0.036561 0.350891
9 0.428049 0.238319 0.011202 0.027550 0.346078
9 0.341498 0.270137 0.014711 0.030375 0.311199
2 0.727906 0.363351 0.093101 0.105946 0.310004
9 0.558738 0.260604 0.012219 0.034169 0.280460
2 0.406969 0.331021 0.021422 0.029904 0.265380
9 0.339485 0.262935 0.018911 0.048721 0.255465
2 0.506529 0.835164 0.983227 0.292568 0.252127
2 0.355110 0.342012 0.031562 0.053529 0.251860
