2 0.376233 0.523194 0.099501 0.135415 0.891917
2 0.691608 0.514784 0.260808 0.246329 0.824010
2 0.142593 0.524479 0.075847 0.115513 0.714687
2 0.551998 0.500590 0.092630 0.177984 0.650973
2 0.452218 0.491909 0.043456 0.058708 0.617125
2 0.496634 0.504810 0.030361 0.095158 0.412171
2 0.054021 0.534262 0.107181 0.183622 0.379423
2 0.513042 0.519250 0.034845 0.129515 0.347232
2 0.270543 0.495990 0.044987 0.059418 0.345783
2 0.271427 0.507084 0.047076 0.081700 0.316630
9 0.328999 0.430327 0.011842 0.030917 0.306189
