2 0.261849 0.719050 0.228580 0.181765 0.815759
2 0.420204 0.712862 0.214512 0.175944 0.794508
2 0.708646 0.711621 0.066161 0.066345 0.548572
2 0.669170 0.717177 0.069716 0.070449 0.496013
2 0.581611 0.720246 0.110499 0.100305 0.483374
2 0.881947 0.727438 0.048237 0.053484 0.387881
2 0.988021 0.750651 0.022994 0.059760 0.384438
2 0.625416 0.719177 0.055028 0.074248 0.367925
2 0.648446 0.718407 0.102905 0.073772 0.322304
2 0.807853 0.712756 0.027886 0.034996 0.291495
2 0.753251 0.706715 0.051332 0.051263 0.290248
2 0.555834 0.720089 0.163831 0.107608 0.286005
2 0.814080 0.711017 0.032756 0.032551 0.273813
