2 0.714802 0.559773 0.187006 0.201213 0.885367
2 0.175401 0.572560 0.072975 0.103015 0.748499
2 0.948128 0.626216 0.102748 0.232634 0.683143
2 0.445658 0.536580 0.070280 0.088233 0.557405
2 0.023696 0.606190 0.046787 0.107846 0.476467
2 0.089082 0.591570 0.115477 0.116304 0.412863
2 0.555203 0.528769 0.061971 0.072228 0.403917
2 0.501766 0.548199 0.044300 0.061756 0.392151
2 0.237427 0.560294 0.062440 0.075116 0.334909
2 0.118729 0.598171 0.060839 0.096644 0.265930
2 0.597396 0.524310 0.036525 0.055637 0.264037
2 0.612387 0.535319 0.055856 0.072067 0.253525
