2 0.208734 0.436630 0.187952 0.204702 0.864855
2 0.661711 0.440007 0.132357 0.136361 0.832220
2 0.355604 0.393199 0.063807 0.078255 0.541376
2 0.387290 0.390900 0.028723 0.046912 0.449137
2 0.310401 0.424197 0.063531 0.126709 0.430003
2 0.959479 0.331755 0.080551 0.132078 0.385602
2 0.321710 0.428610 0.039578 0.106418 0.357598
2 0.585463 0.416193 0.041522 0.054424 0.354833
2 0.413607 0.383994 0.029804 0.034747 0.352177
2 0.302482 0.430124 0.038239 0.125367 0.314812
2 0.959387 0.351730 0.079359 0.079406 0.298325
2 0.325473 0.440660 0.032239 0.081288 0.269463
