2 0.828568 0.626907 0.255428 0.232354 0.808499
2 0.069678 0.627214 0.139050 0.218730 0.735861
2 0.502648 0.652171 0.211186 0.295561 0.679844
2 0.951099 0.706614 0.097339 0.209496 0.608756
2 0.252629 0.620928 0.186152 0.173096 0.542368
2 0.512652 0.957180 0.204580 0.075322 0.409641
2 0.691564 0.587835 0.119796 0.141307 0.355705
9 0.391633 0.424705 0.020707 0.045188 0.295047
9 0.661393 0.471954 0.009786 0.044610 0.292261
2 0.171995 0.616331 0.074887 0.133404 0.267001
9 0.141858 0.378938 0.010093 0.043409 0.256392
