2 0.883536 0.655340 0.232172 0.188667 0.930097
2 0.153430 0.755976 0.123113 0.139742 0.796955
2 0.446705 0.671021 0.031931 0.049373 0.791961
2 0.331696 0.718360 0.102594 0.146754 0.771928
2 0.402783 0.676160 0.056033 0.067709 0.755278
2 0.489869 0.667428 0.032916 0.042219 0.672763
0 0.052939 0.741745 0.026361 0.158499 0.609417
0 0.810381 0.589899 0.024411 0.079357 0.549883
0 0.976884 0.551489 0.026504 0.059186 0.510761
2 0.272634 0.713201 0.032477 0.071153 0.326209
0 0.930064 0.546051 0.020607 0.035770 0.321668
2 0.246635 0.723079 0.042725 0.090287 0.305262
2 0.219300 0.706967 0.036402 0.057320 0.265189
2 0.465656 0.667695 0.020075 0.042853 0.261281
