2 0.869724 0.646728 0.258595 0.226249 0.926919
5 0.518293 0.559770 0.089503 0.127208 0.886828
2 0.457204 0.597545 0.067986 0.090744 0.869786
2 0.623346 0.601759 0.071931 0.076898 0.828445
2 0.085124 0.562455 0.046576 0.051613 0.791960
2 0.411169 0.579554 0.025523 0.047045 0.724720
2 0.971186 0.780253 0.056564 0.104409 0.717160
7 0.595245 0.567821 0.064597 0.093516 0.624276
7 0.352908 0.593474 0.106845 0.197170 0.569261
2 0.021247 0.551469 0.042399 0.104276 0.553432
2 0.497653 0.909628 0.991186 0.150525 0.374916
7 0.020765 0.551463 0.041513 0.103563 0.313307
