5 0.633538 0.745229 0.234183 0.397915 0.916192
2 0.878882 0.824994 0.240866 0.337463 0.888742
7 0.057939 0.764796 0.114852 0.411290 0.888426
7 0.358217 0.847428 0.247639 0.292087 0.871034
7 0.218835 0.793044 0.070145 0.114287 0.712168
9 0.321741 0.582990 0.014395 0.065130 0.683758
2 0.142751 0.801771 0.056703 0.050860 0.658926
2 0.507172 0.812278 0.039356 0.117490 0.602552
4 0.807977 0.126783 0.383086 0.249017 0.549841
9 0.116498 0.705210 0.014595 0.072846 0.479385
2 0.485381 0.800146 0.029286 0.082232 0.403415
2 0.479723 0.764743 0.039249 0.064205 0.321571
