2 0.879105 0.825722 0.240487 0.336306 0.890489
5 0.633786 0.743157 0.235566 0.397505 0.854863
7 0.358628 0.847170 0.246688 0.292735 0.836005
2 0.777283 0.728066 0.062910 0.039510 0.785477
2 0.211563 0.821087 0.035799 0.073532 0.757922
9 0.321784 0.582106 0.014434 0.065222 0.736066
4 0.807779 0.145845 0.383435 0.287091 0.724104
2 0.252323 0.822263 0.072104 0.136326 0.705146
9 0.232478 0.733473 0.008255 0.032881 0.655623
2 0.508047 0.816058 0.041393 0.114095 0.594761
9 0.116942 0.712431 0.012375 0.059873 0.505775
2 0.190384 0.802013 0.031419 0.027189 0.466601
2 0.486090 0.802568 0.029234 0.088602 0.439197
9 0.233244 0.739384 0.011336 0.050701 0.354055
9 0.092787 0.705224 0.012194 0.066925 0.330996
0 0.406576 0.767171 0.039742 0.056314 0.324250
2 0.479960 0.759203 0.038692 0.056724 0.298590
9 0.142889 0.680602 0.010858 0.026865 0.293276
