2 0.385176 0.401743 0.068877 0.114143 0.853882
2 0.753222 0.429416 0.084651 0.072071 0.799762
2 0.913209 0.421307 0.058094 0.061287 0.653834
0 0.211278 0.376775 0.016385 0.073636 0.641265
9 0.229186 0.028098 0.044496 0.054175 0.597486
2 0.833542 0.426710 0.061722 0.056153 0.494449
2 0.499272 0.841775 0.994336 0.277621 0.462416
9 0.800808 0.172837 0.012648 0.054709 0.434637
7 0.875953 0.415562 0.031484 0.060744 0.344508
2 0.846054 0.425398 0.038770 0.053958 0.292395
2 0.967013 0.427006 0.022552 0.032816 0.271704
2 0.951102 0.432051 0.027315 0.033257 0.253800
2 0.871333 0.416255 0.041927 0.060754 0.252323
