2 0.701372 0.536082 0.087504 0.132819 0.800256
2 0.120567 0.576371 0.235458 0.201171 0.701312
5 0.490210 0.507974 0.091083 0.152935 0.696931
2 0.279378 0.546202 0.096981 0.090013 0.614111
2 0.864888 0.530737 0.269508 0.289193 0.540309
2 0.645101 0.523293 0.061407 0.079854 0.384712
2 0.382944 0.517714 0.032825 0.053374 0.327541
2 0.811881 0.516497 0.164905 0.249134 0.301499
2 0.342585 0.530951 0.043083 0.063530 0.273830
2 0.572074 0.500978 0.034669 0.043859 0.260132
2 0.327521 0.517956 0.078345 0.087784 0.251209
