2 0.649453 0.520194 0.146047 0.167285 0.717933
2 0.395100 0.477220 0.072464 0.115338 0.450630
2 0.544087 0.466601 0.050296 0.080061 0.421096
2 0.562442 0.491054 0.050807 0.086178 0.419000
2 0.559564 0.489409 0.035681 0.081203 0.391035
2 0.552831 0.487740 0.030945 0.072085 0.379328
2 0.321684 0.518628 0.048923 0.169171 0.369859
2 0.153454 0.507289 0.305476 0.372811 0.337452
2 0.336643 0.509079 0.075408 0.150507 0.325480
2 0.461863 0.468820 0.019563 0.042567 0.315914
2 0.301637 0.480029 0.139919 0.228398 0.291969
2 0.439476 0.474295 0.027738 0.055943 0.275322
