2 0.780429 0.571544 0.438465 0.561034 0.880674
7 0.601275 0.395461 0.265213 0.418336 0.784224
2 0.226797 0.459678 0.053913 0.103718 0.724376
2 0.431040 0.425076 0.035829 0.059209 0.623508
2 0.253426 0.444380 0.048316 0.088762 0.581469
2 0.350801 0.433038 0.060789 0.075629 0.580820
2 0.457315 0.437899 0.041653 0.095597 0.563259
2 0.277972 0.432256 0.034286 0.075602 0.457776
2 0.082187 0.473635 0.162946 0.236887 0.427084
2 0.303564 0.431941 0.023982 0.045102 0.351069
2 0.464963 0.444207 0.030286 0.110267 0.334972
2 0.200095 0.467822 0.043678 0.115820 0.326597
2 0.172998 0.472046 0.066720 0.161739 0.286622
