2 0.638925 0.492152 0.088190 0.103038 0.889047
2 0.297662 0.493145 0.082840 0.091914 0.835399
2 0.185973 0.487605 0.062179 0.068353 0.814416
2 0.230544 0.477294 0.045140 0.066201 0.688367
2 0.084199 0.486482 0.146563 0.132650 0.605149
7 0.083901 0.486026 0.146008 0.133372 0.546492
2 0.590062 0.484854 0.039921 0.071712 0.534671
2 0.559109 0.476614 0.024180 0.060683 0.478591
2 0.336966 0.484004 0.033653 0.071117 0.391707
2 0.567887 0.477096 0.028893 0.066022 0.350630
2 0.572394 0.477794 0.021118 0.066403 0.344459
