0 0.710625 0.648932 0.059676 0.251218 0.847475
2 0.923402 0.588293 0.121378 0.166395 0.806783
2 0.071671 0.698975 0.142795 0.352780 0.789238
0 0.498542 0.654247 0.059331 0.296950 0.779521
0 0.541835 0.664588 0.037029 0.237108 0.687407
0 0.602201 0.647861 0.046346 0.252859 0.603636
2 0.986453 0.554223 0.026369 0.111914 0.558986
0 0.669370 0.635276 0.037239 0.231176 0.434263
2 0.766733 0.612715 0.067411 0.127675 0.423078
0 0.367193 0.602028 0.038588 0.128755 0.340946
9 0.424471 0.121887 0.038596 0.155545 0.333465
9 0.471540 0.139905 0.032037 0.118516 0.318866
9 0.434677 0.121530 0.061605 0.163363 0.281785
62 0.154760 0.506309 0.140550 0.212159 0.257623
