2 0.879500 0.525269 0.240081 0.431725 0.883932
2 0.613667 0.393610 0.060743 0.062851 0.695233
9 0.826190 0.193826 0.027619 0.101277 0.635495
2 0.519826 0.380830 0.031677 0.032602 0.525530
2 0.573122 0.381552 0.034292 0.050195 0.418285
2 0.268098 0.361591 0.041087 0.063213 0.407250
2 0.277248 0.359113 0.060232 0.065900 0.352986
2 0.205292 0.364386 0.090270 0.080838 0.347122
1 0.709456 0.414936 0.036413 0.055503 0.309622
2 0.543566 0.381540 0.019087 0.037812 0.292755
2 0.467259 0.379736 0.037724 0.043056 0.272337
2 0.550956 0.381591 0.023432 0.042762 0.267629
2 0.159603 0.364972 0.075663 0.087007 0.262477
2 0.099935 0.356332 0.056620 0.087887 0.250442
