2 0.194159 0.601908 0.154411 0.197474 0.839726
5 0.482017 0.515367 0.090077 0.146880 0.794033
2 0.413489 0.579959 0.078631 0.098126 0.746885
0 0.739386 0.543859 0.025836 0.127039 0.653271
0 0.697934 0.545640 0.025913 0.132908 0.594091
5 0.047839 0.510932 0.094979 0.310845 0.573073
2 0.378713 0.534241 0.040937 0.061190 0.383680
5 0.130554 0.486402 0.093543 0.246690 0.327363
2 0.322155 0.550679 0.043115 0.072199 0.261155
9 0.152886 0.407773 0.020067 0.045550 0.252209
0 0.680414 0.537194 0.016265 0.114468 0.250877
