2 0.595752 0.438467 0.092149 0.130117 0.850613
2 0.500125 0.424771 0.057943 0.092085 0.814945
2 0.816742 0.511478 0.366439 0.303606 0.803078
2 0.326900 0.469027 0.079582 0.197109 0.741737
2 0.748863 0.427910 0.194072 0.163086 0.741706
7 0.162823 0.449749 0.324303 0.501174 0.725117
2 0.447385 0.412813 0.050186 0.068118 0.724721
2 0.359017 0.444277 0.068333 0.133210 0.702708
2 0.364418 0.415346 0.075037 0.103910 0.563800
9 0.459950 0.310732 0.016612 0.036720 0.481413
2 0.927502 0.319576 0.143381 0.098242 0.456339
2 0.540846 0.417669 0.024368 0.079531 0.333206
