2 0.290880 0.576628 0.151446 0.176610 0.882334
2 0.055232 0.601770 0.110464 0.190589 0.782793
2 0.490633 0.568659 0.079824 0.121591 0.753059
0 0.920260 0.530788 0.025918 0.138058 0.633632
2 0.053275 0.797534 0.105300 0.350281 0.630222
2 0.403353 0.531385 0.026323 0.037850 0.597832
0 0.837431 0.550545 0.035273 0.169626 0.499034
0 0.820216 0.547584 0.031808 0.169729 0.489210
2 0.430054 0.539940 0.033271 0.040672 0.434354
9 0.458375 0.202355 0.033966 0.084559 0.409682
2 0.364971 0.520523 0.043364 0.058714 0.331489
2 0.970115 0.558749 0.041375 0.042794 0.256945
