2 0.119261 0.580019 0.066300 0.095872 0.866601
2 0.164199 0.559571 0.049532 0.080633 0.667398
2 0.063281 0.594339 0.075499 0.118929 0.647168
2 0.735224 0.629482 0.206174 0.238616 0.591518
2 0.588236 0.571446 0.113217 0.134560 0.571741
2 0.500255 0.546604 0.073317 0.109039 0.566760
2 0.460347 0.536122 0.046294 0.090045 0.565243
2 0.788874 0.627453 0.313907 0.243189 0.517309
2 0.430298 0.532050 0.026907 0.044453 0.447676
2 0.881377 0.720482 0.236782 0.266852 0.446644
2 0.930270 0.695840 0.138390 0.206532 0.406818
2 0.023682 0.618045 0.047198 0.120269 0.363980
2 0.193234 0.558622 0.026491 0.061415 0.347337
2 0.201936 0.552292 0.028205 0.052727 0.313732
2 0.426522 0.527435 0.027070 0.050756 0.311622
2 0.220982 0.550851 0.028597 0.046147 0.311611
2 0.745987 0.926088 0.502162 0.137424 0.310934
2 0.228697 0.549025 0.028630 0.042215 0.309236
2 0.412187 0.526425 0.020873 0.048218 0.292489
2 0.240120 0.548744 0.019584 0.034106 0.284924
2 0.196987 0.554981 0.028267 0.064340 0.280684
2 0.184299 0.556526 0.040483 0.074634 0.252722
9 0.055560 0.455097 0.040940 0.037553 0.250213
