2 0.543276 0.547493 0.376924 0.470709 0.891169
2 0.088756 0.567282 0.176497 0.454373 0.886439
2 0.228484 0.403113 0.050201 0.102442 0.607907
9 0.453656 0.085213 0.019012 0.069193 0.499394
0 0.150565 0.403165 0.055451 0.187270 0.497571
2 0.076502 0.391842 0.102912 0.133355 0.452427
9 0.258212 0.125916 0.014228 0.064248 0.409093
0 0.150269 0.441307 0.056259 0.265002 0.379333
9 0.623341 0.155939 0.020075 0.076641 0.372078
9 0.199276 0.132714 0.021731 0.089614 0.354160
2 0.839886 0.374424 0.026833 0.036698 0.272671
9 0.457326 0.085166 0.024934 0.072184 0.264217
