2 0.579641 0.548533 0.067742 0.099223 0.902311
2 0.228791 0.575563 0.179403 0.163247 0.833744
2 0.081252 0.595260 0.162505 0.216802 0.797994
2 0.924486 0.641132 0.149736 0.262962 0.771633
2 0.476598 0.544717 0.111892 0.152035 0.716032
2 0.677747 0.572395 0.106386 0.164491 0.685341
2 0.340944 0.550730 0.102959 0.119229 0.539214
0 0.077691 0.504157 0.032402 0.072531 0.516270
2 0.044011 0.716323 0.087980 0.333045 0.503270
9 0.510328 0.382455 0.025242 0.068724 0.315437
2 0.776406 0.948363 0.447188 0.093284 0.294249
2 0.835897 0.587460 0.038644 0.050600 0.276557
9 0.740800 0.429643 0.015632 0.045224 0.256205
2 0.824748 0.590190 0.060570 0.058750 0.250521
