2 0.654413 0.539955 0.078154 0.098651 0.643975
2 0.603946 0.532638 0.069057 0.089878 0.614974
2 0.574858 0.516557 0.058736 0.081579 0.604072
2 0.907278 0.610818 0.185281 0.183326 0.579465
2 0.241916 0.512961 0.025022 0.026960 0.463419
2 0.407561 0.530876 0.078199 0.080534 0.412986
9 0.557822 0.386376 0.015419 0.045124 0.389479
2 0.543268 0.514255 0.039765 0.068935 0.321274
9 0.306137 0.410054 0.016446 0.033527 0.308359
2 0.509589 0.512696 0.030518 0.053618 0.278660
2 0.755219 0.561508 0.134527 0.169495 0.266351
2 0.726656 0.573384 0.082315 0.118575 0.264606
