2 0.497471 0.596294 0.244543 0.337152 0.857945
2 0.054344 0.593864 0.106511 0.148134 0.587888
2 0.342093 0.584718 0.077328 0.128941 0.528358
2 0.105026 0.562135 0.101459 0.114382 0.519939
2 0.174059 0.541874 0.041444 0.076970 0.499573
0 0.633078 0.581046 0.033058 0.152116 0.452279
2 0.142637 0.549820 0.063400 0.098832 0.397287
2 0.030023 0.601845 0.059805 0.151303 0.390732
2 0.184080 0.538171 0.046883 0.069026 0.349433
2 0.158097 0.556027 0.030663 0.080666 0.284777
2 0.196685 0.532178 0.028798 0.060488 0.274724
2 0.204494 0.529774 0.034522 0.055833 0.268430
2 0.030459 0.630817 0.060752 0.115026 0.266168
9 0.654951 0.423189 0.028130 0.041752 0.255478
