0 0.778465 0.452302 0.039405 0.166682 0.762950
2 0.362986 0.500380 0.046976 0.048814 0.602852
0 0.315164 0.500546 0.046499 0.160576 0.578332
0 0.817740 0.433753 0.021882 0.126075 0.551882
0 0.923620 0.421271 0.033170 0.142998 0.531024
0 0.894423 0.446952 0.023170 0.140143 0.518840
9 0.058137 0.349844 0.023169 0.048881 0.461871
9 0.471995 0.221055 0.030371 0.076695 0.445702
9 0.220887 0.375005 0.013302 0.045781 0.392344
0 0.846589 0.434276 0.020746 0.095230 0.385079
0 0.321728 0.501728 0.033771 0.152586 0.257019
