2 0.851070 0.600763 0.296798 0.300083 0.663403
2 0.695836 0.514387 0.141260 0.184646 0.646906
2 0.607405 0.503904 0.065785 0.101648 0.610980
2 0.237255 0.485984 0.033515 0.062865 0.443204
2 0.169615 0.506379 0.053979 0.086380 0.401713
2 0.501088 0.462177 0.025212 0.036089 0.361550
2 0.208365 0.499783 0.029689 0.046657 0.346876
2 0.052849 0.486375 0.105066 0.202216 0.326081
7 0.052965 0.485919 0.105703 0.202915 0.276682
2 0.897825 0.606637 0.203759 0.307176 0.274186
9 0.764358 0.358854 0.019249 0.038769 0.252402
