2 0.828262 0.472520 0.101415 0.053662 0.687140
2 0.941852 0.481104 0.113324 0.045256 0.634264
9 0.503517 0.391567 0.018911 0.063204 0.466432
9 0.503022 0.382135 0.016586 0.042465 0.453357
9 0.307907 0.262097 0.013512 0.048049 0.445124
9 0.431492 0.321222 0.008733 0.038298 0.417427
9 0.341826 0.404609 0.008983 0.037950 0.354540
9 0.430369 0.322939 0.011464 0.041652 0.352014
2 0.232532 0.478109 0.081276 0.062492 0.323076
9 0.419993 0.331531 0.008547 0.033225 0.316771
9 0.694788 0.261631 0.013226 0.030238 0.280471
