2 0.808245 0.556506 0.207136 0.191648 0.759929
2 0.400289 0.482556 0.055608 0.082348 0.715057
2 0.701862 0.518771 0.101934 0.117207 0.689555
2 0.187135 0.565897 0.182437 0.250160 0.494590
2 0.308486 0.523781 0.107113 0.126717 0.443495
9 0.467311 0.422486 0.010040 0.019847 0.345960
2 0.290657 0.498538 0.144976 0.173464 0.325273
2 0.138836 0.572222 0.277116 0.281922 0.294388
2 0.638283 0.506309 0.059770 0.096328 0.280208
7 0.139335 0.572161 0.277736 0.277498 0.271598
2 0.599055 0.503022 0.037869 0.067242 0.259368
