2 0.041311 0.536558 0.082082 0.152459 0.759555
2 0.530763 0.511888 0.120036 0.113643 0.668558
2 0.780945 0.575447 0.106207 0.111293 0.598217
2 0.138016 0.493640 0.087404 0.087044 0.579734
2 0.686284 0.533047 0.069236 0.078357 0.564574
2 0.969896 0.656830 0.059699 0.184477 0.415011
2 0.232761 0.524280 0.142263 0.141966 0.341573
2 0.972551 0.498319 0.054427 0.091747 0.299282
2 0.305397 0.488351 0.037943 0.057435 0.292997
2 0.413986 0.498192 0.041445 0.045711 0.290315
2 0.206598 0.546396 0.091339 0.092127 0.268154
