2 0.348089 0.455143 0.052767 0.070756 0.719688
2 0.854936 0.426951 0.289035 0.439181 0.663590
7 0.131221 0.494223 0.261620 0.350613 0.629550
2 0.257223 0.461545 0.108920 0.200742 0.628857
2 0.686630 0.462137 0.173813 0.249493 0.627625
2 0.314867 0.469313 0.047641 0.122956 0.424092
2 0.573041 0.475815 0.059041 0.116408 0.402592
2 0.440380 0.439665 0.048679 0.041707 0.374280
2 0.521740 0.446678 0.058410 0.071888 0.344637
2 0.400006 0.436969 0.025520 0.036818 0.339811
2 0.318928 0.477341 0.038926 0.104096 0.301098
2 0.482796 0.442746 0.028513 0.052286 0.261962
