2 0.489917 0.596724 0.039499 0.060730 0.804785
0 0.560106 0.600700 0.023234 0.102036 0.772918
2 0.327817 0.588176 0.045224 0.059063 0.756769
0 0.587288 0.601316 0.022292 0.097277 0.721525
9 0.499729 0.193264 0.017936 0.077726 0.621459
0 0.151996 0.580195 0.019113 0.094362 0.516499
9 0.476821 0.188620 0.019156 0.087167 0.507401
2 0.390531 0.587163 0.030082 0.036122 0.433316
2 0.386142 0.587572 0.022129 0.035583 0.354857
9 0.876592 0.389384 0.051171 0.078095 0.312463
9 0.163850 0.273376 0.019408 0.063648 0.293100
2 0.458378 0.584678 0.016327 0.031671 0.271527
9 0.819669 0.069407 0.031057 0.137887 0.256895
