2 0.388368 0.913797 0.125184 0.165609 0.858220
5 0.077236 0.816488 0.153511 0.352521 0.799250
1 0.911208 0.934799 0.098827 0.130403 0.766677
2 0.556092 0.889038 0.074907 0.096902 0.763737
0 0.628614 0.875865 0.021253 0.096148 0.630207
0 0.728399 0.870468 0.018121 0.099304 0.464013
0 0.648150 0.873696 0.020902 0.107577 0.403473
9 0.606767 0.699559 0.018346 0.040162 0.361262
0 0.652770 0.878554 0.024092 0.118754 0.345003
0 0.657814 0.881836 0.026113 0.116275 0.266414
9 0.217893 0.690826 0.018944 0.043424 0.254933
