2 0.465771 0.541974 0.184620 0.267578 0.918642
2 0.827015 0.570577 0.343861 0.326159 0.878161
2 0.605837 0.466683 0.088291 0.116926 0.832983
2 0.333109 0.459229 0.064974 0.078525 0.744009
0 0.118292 0.531015 0.047420 0.194616 0.631393
2 0.061302 0.808496 0.121747 0.318578 0.453858
3 0.192496 0.550902 0.095640 0.125193 0.317005
2 0.373361 0.450598 0.052808 0.083622 0.316609
2 0.576773 0.449628 0.067364 0.100844 0.272015
2 0.561126 0.443844 0.043313 0.085870 0.270745
9 0.426911 0.355654 0.016086 0.039108 0.257380
0 0.206319 0.503410 0.053131 0.166470 0.253089
