2 0.964577 0.560277 0.069872 0.276110 0.818140
2 0.912949 0.535468 0.131265 0.205722 0.815767
2 0.512410 0.535125 0.089679 0.090465 0.688725
2 0.781957 0.508981 0.038414 0.055506 0.641658
2 0.814033 0.524001 0.033406 0.085244 0.603185
2 0.669552 0.497274 0.044458 0.048370 0.513624
2 0.551069 0.521202 0.034627 0.070998 0.445414
2 0.842975 0.534159 0.036879 0.102370 0.379019
2 0.629479 0.513555 0.040414 0.053133 0.361700
2 0.751923 0.491579 0.042982 0.056862 0.285517
2 0.707079 0.491180 0.032617 0.041730 0.258062
