2 0.435464 0.651819 0.194814 0.229276 0.865382
2 0.756014 0.597201 0.142488 0.086345 0.865381
2 0.326064 0.585551 0.058992 0.066123 0.814430
0 0.965379 0.601344 0.036818 0.171460 0.618038
9 0.515608 0.512292 0.016190 0.037555 0.522434
9 0.110300 0.059150 0.034717 0.115060 0.454676
9 0.341631 0.402278 0.019260 0.042744 0.445662
0 0.933141 0.591150 0.036609 0.177833 0.388785
9 0.342020 0.393685 0.020716 0.060217 0.356921
9 0.084793 0.423359 0.025412 0.044601 0.341633
0 0.555685 0.594398 0.013839 0.085488 0.310087
9 0.504388 0.419838 0.022817 0.051242 0.302748
2 0.988409 0.606351 0.022486 0.051001 0.300251
9 0.126034 0.067027 0.067130 0.131895 0.285632
0 0.551608 0.593309 0.021905 0.090313 0.281264
