2 0.619867 0.573860 0.157183 0.154762 0.835131
2 0.095057 0.543259 0.079509 0.087015 0.746958
2 0.223539 0.530065 0.040988 0.044857 0.702476
2 0.032093 0.551185 0.063677 0.116318 0.697020
2 0.512102 0.543311 0.079052 0.106628 0.675460
2 0.474239 0.533402 0.037810 0.080849 0.503403
9 0.380955 0.384536 0.014159 0.044837 0.483966
2 0.152525 0.537637 0.036210 0.063308 0.460756
2 0.429526 0.523523 0.028930 0.045070 0.331235
9 0.203155 0.351669 0.018617 0.042717 0.326025
2 0.186834 0.536690 0.034325 0.042496 0.295421
