2 0.849735 0.549116 0.300529 0.352472 0.870696
2 0.204605 0.514977 0.151018 0.127653 0.530538
2 0.529772 0.489017 0.093750 0.115581 0.529646
2 0.069802 0.514281 0.134825 0.214823 0.516191
2 0.230661 0.513080 0.100648 0.122371 0.462324
2 0.547937 0.489406 0.057923 0.110720 0.337250
2 0.030082 0.515340 0.059979 0.215917 0.331706
2 0.454866 0.464518 0.040548 0.040981 0.328100
9 0.943957 0.341461 0.027637 0.035118 0.302585
9 0.741986 0.397062 0.019995 0.033984 0.299740
2 0.505269 0.875401 0.986503 0.227038 0.297145
9 0.316204 0.407660 0.021150 0.035265 0.272350
9 0.713073 0.251392 0.031540 0.064352 0.263522
9 0.073459 0.382028 0.012541 0.068150 0.251477
