2 0.502185 0.641533 0.112514 0.142473 0.867893
2 0.038941 0.631482 0.077485 0.352477 0.828917
2 0.358086 0.603044 0.087317 0.134843 0.811662
2 0.079799 0.528516 0.086371 0.072228 0.758011
2 0.440217 0.587625 0.045662 0.062958 0.747250
2 0.172439 0.541100 0.047227 0.052918 0.649469
2 0.954411 0.803228 0.090331 0.327464 0.648165
2 0.271252 0.555570 0.061963 0.073934 0.588417
0 0.605281 0.617129 0.014007 0.069180 0.575912
0 0.732964 0.677033 0.019279 0.114842 0.561178
0 0.584192 0.616934 0.013999 0.070775 0.498516
2 0.774612 0.659999 0.080511 0.072954 0.442696
2 0.216607 0.547606 0.039951 0.039677 0.396689
0 0.782873 0.695392 0.030671 0.137037 0.321943
9 0.431860 0.369007 0.015512 0.067313 0.297927
