2 0.117274 0.588938 0.096757 0.120765 0.749656
2 0.853248 0.579501 0.194530 0.190234 0.709255
2 0.042779 0.582463 0.084935 0.169835 0.547918
2 0.243629 0.565594 0.087831 0.121557 0.500907
2 0.965273 0.547641 0.068896 0.125856 0.450961
2 0.192063 0.589164 0.065413 0.089582 0.422255
2 0.720668 0.574873 0.051578 0.060945 0.365072
2 0.405785 0.525783 0.024615 0.030443 0.327483
2 0.645041 0.558600 0.028230 0.043358 0.324905
2 0.939344 0.610323 0.121047 0.261509 0.303276
2 0.725019 0.572180 0.064668 0.075807 0.297596
2 0.695140 0.559758 0.069207 0.079628 0.268740
2 0.691644 0.563811 0.052374 0.066024 0.266180
2 0.307209 0.550915 0.042034 0.045593 0.257778
