2 0.104588 0.533234 0.092310 0.087227 0.875101
2 0.553369 0.568676 0.134527 0.166162 0.847840
2 0.031423 0.545350 0.062642 0.111438 0.756281
2 0.243727 0.521006 0.067269 0.080737 0.704123
9 0.416411 0.263101 0.015361 0.073836 0.676827
2 0.437044 0.511399 0.026506 0.036374 0.538389
9 0.307841 0.414289 0.024058 0.072700 0.530800
2 0.427331 0.512549 0.030097 0.038095 0.400448
2 0.060751 0.517179 0.031501 0.049136 0.338708
2 0.280206 0.522187 0.033303 0.060753 0.303757
2 0.205178 0.513400 0.023817 0.045395 0.273941
2 0.157486 0.520568 0.036106 0.051546 0.268524
2 0.377631 0.515448 0.021081 0.028241 0.252526
