2 0.605721 0.587575 0.108691 0.131604 0.789369
7 0.773952 0.629283 0.287742 0.361018 0.613535
2 0.284585 0.572886 0.093089 0.153847 0.595440
2 0.068772 0.648677 0.136465 0.318194 0.511682
2 0.347501 0.561978 0.041961 0.091221 0.411766
2 0.364491 0.544270 0.040665 0.081000 0.403389
2 0.440581 0.539858 0.030083 0.039394 0.394753
2 0.174603 0.636104 0.096554 0.158596 0.347136
2 0.217081 0.576325 0.124153 0.207085 0.344214
2 0.539668 0.576271 0.032795 0.065326 0.338030
2 0.217462 0.609647 0.122350 0.145962 0.296371
