2 0.477781 0.512672 0.077864 0.095289 0.832505
2 0.196720 0.526567 0.140087 0.137909 0.817328
2 0.727271 0.581698 0.236115 0.252347 0.756141
2 0.274116 0.505588 0.077965 0.100110 0.718771
2 0.623204 0.552252 0.063756 0.171249 0.625753
2 0.572248 0.518280 0.052239 0.093144 0.565998
2 0.880914 0.678275 0.236935 0.354205 0.562816
2 0.081595 0.557504 0.158000 0.162353 0.549954
2 0.425334 0.496126 0.051889 0.065675 0.542402
2 0.542866 0.507268 0.036699 0.069155 0.436084
2 0.582545 0.530735 0.064350 0.120702 0.430654
2 0.382123 0.497635 0.041176 0.047770 0.352139
2 0.361834 0.501819 0.059617 0.046697 0.299072
2 0.373824 0.498966 0.054255 0.046186 0.294796
2 0.762556 0.612231 0.176759 0.225238 0.287722
2 0.591974 0.538824 0.044691 0.131116 0.277451
2 0.534407 0.497558 0.039713 0.065746 0.253764
