2 0.112185 0.505600 0.100567 0.095981 0.818979
2 0.187856 0.499330 0.057918 0.065048 0.811856
2 0.554855 0.490383 0.041370 0.051638 0.811774
2 0.018533 0.510755 0.037066 0.092599 0.754880
2 0.345966 0.504007 0.067840 0.087045 0.746900
2 0.964231 0.474704 0.070514 0.100458 0.678452
2 0.901129 0.475709 0.091539 0.081452 0.674698
2 0.480239 0.478888 0.027784 0.036744 0.630175
2 0.238276 0.492243 0.041431 0.043580 0.602347
2 0.809292 0.473487 0.080109 0.069440 0.553869
2 0.688955 0.475450 0.046457 0.039651 0.427983
9 0.973909 0.129397 0.051678 0.249020 0.362185
2 0.846682 0.477807 0.084671 0.074554 0.299752
2 0.769544 0.479746 0.032909 0.050545 0.292611
