2 0.857713 0.746114 0.283281 0.476039 0.933191
2 0.334408 0.596392 0.146607 0.188137 0.901696
2 0.593246 0.584949 0.087582 0.119487 0.900308
2 0.711283 0.638766 0.180432 0.221735 0.895142
2 0.105973 0.618065 0.211947 0.215057 0.892978
2 0.218301 0.583757 0.039439 0.071902 0.742176
2 0.492699 0.556347 0.029276 0.036583 0.511581
2 0.949217 0.565203 0.100398 0.123512 0.507877
2 0.258765 0.580535 0.027798 0.066894 0.463832
2 0.452780 0.551646 0.020395 0.035528 0.411215
2 0.641372 0.560101 0.038680 0.053756 0.393337
2 0.659389 0.524482 0.038487 0.042633 0.369086
2 0.519031 0.545753 0.022220 0.029305 0.285138
2 0.240715 0.580137 0.032869 0.064667 0.274697
