2 0.095470 0.427936 0.189882 0.314108 0.953020
2 0.223272 0.342557 0.141859 0.177705 0.885956
2 0.377196 0.334678 0.085051 0.114725 0.883296
2 0.920696 0.288721 0.139444 0.100023 0.847086
2 0.779818 0.294694 0.089381 0.080693 0.785026
2 0.851772 0.280693 0.065591 0.076245 0.691423
0 0.986743 0.330043 0.025718 0.174591 0.587705
9 0.382810 0.112163 0.016513 0.042525 0.583927
2 0.584661 0.291660 0.033280 0.052950 0.558700
2 0.499545 0.833894 0.995630 0.291196 0.528426
2 0.697958 0.281067 0.045945 0.049743 0.461370
2 0.638400 0.287374 0.036592 0.045222 0.410049
2 0.950181 0.302166 0.072246 0.078485 0.358230
2 0.342066 0.295530 0.020009 0.041623 0.300995
2 0.413021 0.292393 0.040337 0.069716 0.285999
7 0.435373 0.282609 0.033493 0.070523 0.276015
0 0.977398 0.331163 0.044573 0.173875 0.269514
