2 0.627073 0.438185 0.072110 0.087172 0.901087
2 0.227018 0.442383 0.101570 0.101815 0.880002
2 0.291520 0.432027 0.068909 0.079322 0.842308
2 0.335080 0.428254 0.054454 0.063551 0.807988
0 0.162305 0.442949 0.035283 0.159312 0.738869
2 0.389362 0.421362 0.027835 0.047200 0.692034
2 0.360899 0.419615 0.042116 0.063406 0.649816
5 0.544488 0.415627 0.077340 0.126941 0.623747
58 0.769388 0.438311 0.031197 0.064187 0.557971
58 0.810849 0.423180 0.027702 0.098069 0.529028
7 0.543818 0.415459 0.076418 0.127299 0.506744
2 0.409333 0.418295 0.020305 0.039842 0.429879
10 0.010214 0.417498 0.020321 0.190858 0.365894
2 0.429127 0.411180 0.025421 0.042209 0.332152
2 0.596125 0.410409 0.032752 0.045802 0.291680
2 0.418342 0.417319 0.020272 0.038458 0.286405
58 0.730265 0.429099 0.021314 0.056271 0.266159
