2 0.239393 0.566127 0.206940 0.207980 0.908552
2 0.070150 0.534481 0.139642 0.274868 0.877074
7 0.678967 0.505911 0.139926 0.204572 0.807109
2 0.476060 0.521691 0.051548 0.070980 0.763090
2 0.420416 0.522500 0.041469 0.049528 0.652299
7 0.838771 0.539366 0.273054 0.304094 0.622485
2 0.503022 0.892173 0.986407 0.192888 0.568410
2 0.591542 0.529336 0.042558 0.081319 0.544115
2 0.838849 0.540008 0.273350 0.304550 0.424958
2 0.544990 0.520147 0.024019 0.035777 0.383598
9 0.585809 0.340172 0.019217 0.047518 0.351556
0 0.381479 0.897318 0.118151 0.199753 0.346592
2 0.386688 0.522196 0.034068 0.040468 0.283844
