2 0.471130 0.618296 0.103859 0.152111 0.893199
2 0.941029 0.711281 0.116767 0.255647 0.856939
2 0.346184 0.589286 0.061620 0.072710 0.842937
2 0.260439 0.583274 0.048737 0.063128 0.744121
3 0.139341 0.866268 0.276924 0.245959 0.736307
7 0.138647 0.563793 0.151923 0.189473 0.699261
3 0.806027 0.616937 0.084550 0.135819 0.658703
2 0.297233 0.579011 0.040189 0.063446 0.647389
0 0.055609 0.587995 0.030626 0.141891 0.644065
0 0.616734 0.567688 0.015193 0.075720 0.640870
2 0.403389 0.571607 0.032556 0.034411 0.546824
2 0.223379 0.588179 0.031236 0.084686 0.537767
3 0.747059 0.612416 0.036590 0.116088 0.296524
0 0.895682 0.598224 0.033229 0.124088 0.288845
2 0.408943 0.571166 0.038171 0.038406 0.267703
