2 0.368013 0.509342 0.062897 0.081387 0.818362
2 0.551283 0.510369 0.055655 0.076828 0.764979
0 0.465279 0.511651 0.029584 0.132391 0.733663
0 0.438422 0.516450 0.030542 0.108130 0.670314
7 0.928403 0.465764 0.142117 0.182019 0.666800
0 0.638169 0.507030 0.024180 0.118493 0.596565
0 0.614905 0.515252 0.034759 0.100403 0.551066
2 0.493963 0.482108 0.023770 0.030278 0.544513
2 0.412141 0.486352 0.029279 0.059216 0.450509
9 0.347666 0.029609 0.021183 0.058296 0.435534
2 0.521881 0.489443 0.044329 0.067615 0.407149
2 0.410713 0.487763 0.035309 0.070491 0.401507
0 0.120877 0.516554 0.032081 0.115599 0.366214
2 0.402304 0.497236 0.020856 0.071962 0.264906
0 0.755421 0.487282 0.015916 0.101641 0.262774
7 0.521747 0.488935 0.043734 0.067360 0.257696
