2 0.147117 0.594118 0.080470 0.072918 0.840992
2 0.636097 0.575467 0.073578 0.081051 0.767750
9 0.795633 0.355814 0.012861 0.062798 0.561731
2 0.335471 0.554981 0.021010 0.028088 0.561549
2 0.311625 0.560319 0.022966 0.030395 0.553965
9 0.929187 0.043333 0.031990 0.082173 0.506696
9 0.136925 0.273577 0.020014 0.070914 0.482295
2 0.194560 0.585387 0.039498 0.065318 0.468798
9 0.109016 0.270244 0.020185 0.074340 0.399622
9 0.118794 0.273212 0.018672 0.077807 0.394654
9 0.112359 0.273148 0.024101 0.082064 0.390321
74 0.952251 0.386054 0.037417 0.102737 0.365625
2 0.568341 0.565716 0.041244 0.052799 0.363496
9 0.804769 0.474512 0.016695 0.032174 0.356353
2 0.370773 0.547865 0.025370 0.023030 0.311922
9 0.936416 0.044931 0.046034 0.082825 0.308440
9 0.135482 0.273232 0.026148 0.078638 0.282323
