2 0.161275 0.582505 0.321774 0.384995 0.943173
2 0.379519 0.461852 0.124928 0.154450 0.908064
5 0.921297 0.379127 0.155944 0.134945 0.821029
0 0.643145 0.431626 0.014071 0.064885 0.776954
2 0.445385 0.434139 0.040563 0.055423 0.776201
2 0.537575 0.460159 0.086995 0.132342 0.714390
2 0.314981 0.453846 0.049591 0.104304 0.699173
2 0.479271 0.429188 0.027089 0.044631 0.643815
9 0.491480 0.294896 0.007953 0.030297 0.499458
9 0.484507 0.295082 0.009847 0.030201 0.400319
9 0.358647 0.245871 0.010852 0.037858 0.299530
9 0.488476 0.296098 0.010311 0.029648 0.283838
0 0.621632 0.428975 0.012451 0.059913 0.257114
