0 0.678426 0.455973 0.041827 0.196164 0.840633
2 0.822466 0.414096 0.109968 0.070640 0.830013
2 0.302088 0.445828 0.039792 0.043299 0.737415
2 0.564964 0.430446 0.053242 0.051050 0.726942
2 0.021122 0.468780 0.042102 0.069521 0.566958
2 0.344481 0.432732 0.021086 0.034569 0.510755
2 0.534693 0.417636 0.031886 0.047785 0.487254
2 0.325625 0.435624 0.022322 0.038039 0.441665
10 0.130658 0.494624 0.012229 0.041455 0.417008
2 0.048140 0.462665 0.040311 0.063967 0.406764
1 0.693082 0.521951 0.023049 0.099068 0.398387
2 0.380879 0.424805 0.024717 0.025359 0.358357
2 0.416795 0.416788 0.014798 0.015951 0.345039
2 0.348602 0.431966 0.025372 0.031814 0.343399
2 0.732170 0.401037 0.050830 0.065347 0.324771
2 0.645471 0.410993 0.047934 0.061986 0.280915
0 0.623289 0.417234 0.011049 0.053951 0.276629
