2 0.232715 0.754085 0.321453 0.361246 0.938174
2 0.750656 0.667589 0.230818 0.211616 0.926508
2 0.949397 0.835465 0.100114 0.315606 0.894225
2 0.931589 0.597420 0.135650 0.137077 0.885761
2 0.032373 0.620320 0.064632 0.102398 0.757149
2 0.353678 0.615931 0.066040 0.066997 0.730016
2 0.525935 0.612610 0.028832 0.048439 0.624484
5 0.056657 0.549875 0.113009 0.139874 0.609690
2 0.471302 0.600615 0.067134 0.094383 0.608845
2 0.071277 0.613994 0.051557 0.079360 0.593070
9 0.382526 0.413619 0.012111 0.053893 0.588935
9 0.470363 0.410713 0.015120 0.064681 0.481313
2 0.869008 0.599484 0.083009 0.074743 0.453955
2 0.579566 0.596540 0.082048 0.106269 0.441361
2 0.414780 0.609683 0.053949 0.063800 0.437580
7 0.579683 0.596335 0.082488 0.105573 0.399877
9 0.184232 0.512792 0.020890 0.023677 0.366046
0 0.643405 0.594223 0.014046 0.058959 0.352196
