2 0.461419 0.464620 0.323405 0.394506 0.914802
2 0.678977 0.388819 0.207250 0.199470 0.910755
2 0.237976 0.360200 0.073130 0.115133 0.809739
2 0.308543 0.368898 0.042403 0.102627 0.762558
0 0.850899 0.330833 0.042824 0.155459 0.701131
2 0.150817 0.353207 0.082612 0.053824 0.614128
2 0.499232 0.785732 0.993319 0.394190 0.563406
2 0.275254 0.353753 0.029732 0.076913 0.534745
0 0.888276 0.329337 0.033220 0.132073 0.479249
9 0.328760 0.219014 0.013540 0.026824 0.336333
37 0.931931 0.766109 0.135028 0.079014 0.312097
