2 0.550448 0.508375 0.087555 0.123372 0.908555
2 0.437628 0.528210 0.078730 0.123858 0.873414
2 0.363668 0.501374 0.033330 0.046496 0.719842
2 0.742699 0.572469 0.278485 0.318799 0.719505
7 0.294157 0.538270 0.112235 0.157602 0.697955
0 0.109353 0.529792 0.026798 0.104013 0.663542
2 0.922084 0.473944 0.082258 0.057294 0.504241
9 0.559562 0.305002 0.011986 0.052416 0.385056
2 0.471945 0.491420 0.021027 0.035450 0.353080
74 0.775281 0.272808 0.025684 0.046756 0.321140
2 0.603364 0.496857 0.032416 0.044163 0.311228
2 0.397936 0.497089 0.016040 0.031900 0.270473
