2 0.734711 0.455519 0.174001 0.170324 0.915072
2 0.056386 0.415651 0.101789 0.079236 0.851613
2 0.640863 0.425889 0.085646 0.120007 0.817499
2 0.131941 0.413951 0.063927 0.061031 0.783252
2 0.543979 0.409289 0.035947 0.065184 0.683530
2 0.351980 0.402068 0.039622 0.045559 0.670711
2 0.296758 0.404241 0.069576 0.066531 0.545913
2 0.567957 0.416539 0.034519 0.073524 0.476455
7 0.501083 0.369753 0.046525 0.086651 0.382313
2 0.260820 0.405284 0.042166 0.056411 0.370084
2 0.195659 0.408209 0.048944 0.061276 0.365598
9 0.384147 0.307353 0.012683 0.034492 0.365234
9 0.384226 0.300995 0.013607 0.048037 0.307774
5 0.501450 0.369431 0.046415 0.085756 0.307428
2 0.599281 0.404910 0.094800 0.108948 0.290893
2 0.415906 0.390878 0.028564 0.024292 0.286361
2 0.253197 0.407019 0.027905 0.052648 0.275897
2 0.388252 0.391798 0.020502 0.023335 0.273626
