2 0.562730 0.565229 0.070452 0.099679 0.809015
2 0.666993 0.563424 0.074897 0.101906 0.805659
2 0.608171 0.551714 0.027230 0.037871 0.759674
2 0.306383 0.528649 0.049754 0.034825 0.735235
2 0.173255 0.525321 0.074106 0.046872 0.734403
2 0.238890 0.527329 0.105781 0.044229 0.682383
2 0.459119 0.528895 0.028203 0.021322 0.534579
2 0.393096 0.527019 0.037349 0.034228 0.444182
2 0.421253 0.528844 0.020068 0.018113 0.402068
2 0.364583 0.530166 0.023182 0.024365 0.370254
2 0.519204 0.540387 0.020166 0.023247 0.360805
2 0.490403 0.530557 0.016836 0.016047 0.270450
2 0.483931 0.529977 0.019023 0.016451 0.256916
