2 0.525076 0.514979 0.081900 0.086641 0.861205
2 0.644881 0.501511 0.080877 0.113182 0.825339
2 0.973822 0.543507 0.051990 0.154237 0.711114
2 0.958244 0.518045 0.081251 0.112111 0.662644
9 0.788085 0.052764 0.017734 0.094099 0.596870
9 0.762455 0.055933 0.031954 0.097882 0.564617
2 0.908870 0.511139 0.048088 0.088757 0.562630
2 0.877384 0.502367 0.049545 0.073406 0.561350
2 0.845846 0.492968 0.034704 0.062961 0.421701
2 0.805113 0.483952 0.026157 0.038441 0.372803
2 0.702616 0.490056 0.031046 0.059160 0.358235
2 0.809138 0.484910 0.027150 0.043665 0.271956
