2 0.092550 0.752314 0.184466 0.273085 0.933472
2 0.784557 0.603788 0.216420 0.193284 0.884187
2 0.513987 0.638087 0.113522 0.157149 0.878703
2 0.907808 0.532271 0.081308 0.072827 0.803662
2 0.573736 0.601318 0.061577 0.092627 0.801525
2 0.357259 0.633642 0.035377 0.052189 0.771254
2 0.314702 0.635061 0.034162 0.053478 0.710134
2 0.451562 0.630707 0.037421 0.091028 0.690641
2 0.199497 0.654587 0.030756 0.036771 0.630686
2 0.606121 0.586785 0.038449 0.054600 0.449180
2 0.383523 0.622877 0.018161 0.019422 0.409752
9 0.159254 0.521749 0.012345 0.028346 0.404860
9 0.156945 0.521037 0.014771 0.027789 0.394017
2 0.951017 0.523538 0.041478 0.073278 0.367631
9 0.354300 0.520489 0.011621 0.027372 0.346176
2 0.247515 0.641507 0.015983 0.030756 0.267340
2 0.275075 0.636650 0.024611 0.026662 0.259525
2 0.333693 0.621642 0.019407 0.032014 0.251424
