2 0.825168 0.496439 0.161123 0.139985 0.833719
2 0.606728 0.448408 0.049112 0.058600 0.785283
2 0.029390 0.491039 0.058592 0.107873 0.757246
2 0.681610 0.462789 0.066337 0.071057 0.753826
2 0.397996 0.481024 0.098510 0.140760 0.733993
2 0.258804 0.462392 0.036350 0.043008 0.613098
2 0.457446 0.448024 0.031953 0.048367 0.605366
2 0.985693 0.597862 0.027751 0.161095 0.584218
2 0.520176 0.480559 0.085349 0.138714 0.562088
2 0.344241 0.441632 0.021692 0.041290 0.455422
2 0.298997 0.452619 0.024169 0.032543 0.301294
