2 0.914618 0.689281 0.169928 0.353959 0.900148
9 0.546580 0.156531 0.021465 0.065064 0.696313
2 0.373299 0.488051 0.033377 0.045827 0.675301
2 0.282112 0.509288 0.078692 0.082196 0.666512
2 0.328930 0.499276 0.044559 0.068667 0.660275
9 0.543232 0.154984 0.016070 0.065787 0.563756
9 0.157071 0.025061 0.059701 0.045115 0.500020
2 0.403996 0.480768 0.030610 0.032579 0.410835
2 0.417284 0.475713 0.031457 0.036935 0.367323
2 0.409027 0.479715 0.037235 0.036299 0.361955
9 0.553170 0.155478 0.026971 0.066085 0.349400
2 0.497330 0.902056 0.991051 0.186621 0.271127
