2 0.176307 0.465264 0.106657 0.109267 0.818837
2 0.674851 0.429956 0.108250 0.117190 0.811305
2 0.240687 0.450292 0.042779 0.071396 0.714266
2 0.041046 0.475692 0.081872 0.117387 0.642204
7 0.579938 0.384038 0.081600 0.142048 0.633531
7 0.313300 0.417242 0.086476 0.149703 0.609766
2 0.366909 0.434593 0.022984 0.047790 0.565265
2 0.509826 0.866460 0.977968 0.240717 0.493883
2 0.613736 0.415386 0.058574 0.106018 0.480362
2 0.397175 0.428453 0.030233 0.043934 0.477508
2 0.423296 0.421544 0.021973 0.035810 0.412370
2 0.531312 0.420451 0.020136 0.048426 0.376880
2 0.621256 0.419071 0.042166 0.108765 0.270429
