2 0.839482 0.445766 0.127246 0.121788 0.921196
2 0.070196 0.533121 0.139788 0.332184 0.908990
2 0.411762 0.445303 0.079544 0.101902 0.875246
2 0.274938 0.464263 0.076264 0.069446 0.874112
2 0.736530 0.429190 0.065529 0.078323 0.871635
2 0.468018 0.431421 0.039683 0.056300 0.817444
2 0.700610 0.425874 0.036600 0.066634 0.763424
2 0.361050 0.438553 0.040010 0.057527 0.740077
2 0.499471 0.418728 0.029669 0.039444 0.673581
2 0.668949 0.418615 0.039469 0.055808 0.575048
2 0.630618 0.411941 0.019058 0.030990 0.482861
2 0.886032 0.401431 0.097405 0.092297 0.477133
2 0.645073 0.413453 0.020314 0.033756 0.463535
2 0.612216 0.387102 0.024287 0.035035 0.450649
2 0.529971 0.391556 0.016154 0.023514 0.419519
2 0.531998 0.384449 0.018635 0.033635 0.399182
2 0.616150 0.391452 0.017944 0.027423 0.392722
