2 0.955397 0.550702 0.087647 0.079024 0.882052
2 0.364819 0.527184 0.043320 0.056135 0.848321
2 0.505455 0.528048 0.030037 0.038867 0.814435
2 0.454018 0.522978 0.039070 0.054342 0.785664
5 0.097452 0.360323 0.193344 0.713847 0.755672
2 0.414575 0.521384 0.018560 0.027637 0.579763
5 0.772505 0.511828 0.290364 0.380795 0.463231
2 0.500787 0.877517 0.992673 0.217292 0.442267
2 0.621002 0.506132 0.032135 0.047376 0.433802
2 0.772823 0.511197 0.290777 0.381177 0.336344
2 0.478793 0.520396 0.015966 0.026216 0.311863
5 0.629779 0.488146 0.051325 0.074658 0.251562
