2 0.213088 0.571729 0.059026 0.049804 0.827344
2 0.154710 0.580147 0.064795 0.060197 0.806389
2 0.076822 0.588494 0.094733 0.072183 0.787173
2 0.970182 0.545873 0.058885 0.054029 0.785292
2 0.310375 0.554093 0.039880 0.042159 0.604487
2 0.013902 0.588268 0.027616 0.088556 0.590994
2 0.735234 0.542988 0.028511 0.039092 0.437093
2 0.688142 0.534346 0.018615 0.026533 0.377514
2 0.560625 0.535277 0.018145 0.024426 0.371303
2 0.714387 0.538554 0.020422 0.033541 0.371205
2 0.710351 0.537677 0.022492 0.032286 0.359522
2 0.503804 0.533936 0.014522 0.018380 0.334475
