2 0.848827 0.497102 0.301480 0.305304 0.856899
0 0.080783 0.379870 0.029626 0.146482 0.523951
2 0.439799 0.382512 0.058299 0.067780 0.490449
0 0.679049 0.389792 0.016397 0.074409 0.475236
2 0.523016 0.369234 0.058931 0.091711 0.449159
0 0.103330 0.390903 0.030727 0.138825 0.412706
0 0.718683 0.400050 0.018822 0.081931 0.383049
5 0.522771 0.365847 0.058355 0.097471 0.367375
2 0.499575 0.822898 0.989248 0.274987 0.324714
7 0.358873 0.336928 0.049361 0.110844 0.324362
0 0.196731 0.357451 0.016196 0.084428 0.308631
0 0.987504 0.414591 0.024422 0.095139 0.268301
0 0.226484 0.363437 0.017553 0.078001 0.268161
