0 0.037932 0.515228 0.026405 0.150366 0.754930
0 0.122463 0.533171 0.034430 0.153055 0.728689
0 0.917491 0.627192 0.035124 0.129299 0.690963
0 0.859414 0.606196 0.022868 0.099765 0.690789
9 0.159945 0.234429 0.015876 0.073457 0.685873
0 0.676865 0.585943 0.028641 0.117794 0.590003
2 0.518490 0.541099 0.036610 0.053836 0.584063
2 0.401644 0.513299 0.030327 0.039136 0.522278
2 0.472861 0.531714 0.051597 0.071780 0.489409
9 0.618133 0.155545 0.022960 0.080188 0.391719
2 0.014265 0.486039 0.028530 0.041849 0.374480
2 0.438210 0.522054 0.036777 0.065832 0.360104
7 0.475150 0.532060 0.056957 0.073718 0.358653
0 0.992463 0.669670 0.014251 0.188787 0.355935
9 0.643520 0.162001 0.023484 0.088543 0.353528
2 0.563698 0.551620 0.054518 0.062384 0.350997
2 0.075440 0.490286 0.053940 0.055414 0.303009
0 0.990578 0.698053 0.018248 0.260000 0.294480
0 0.695871 0.610095 0.020400 0.072074 0.255423
