2 0.607303 0.574877 0.087720 0.104110 0.806194
2 0.226298 0.560641 0.056655 0.077309 0.745849
2 0.364576 0.564628 0.066325 0.080409 0.727390
3 0.693554 0.677168 0.127987 0.335764 0.574628
9 0.688363 0.377214 0.028723 0.114698 0.360840
2 0.259714 0.539978 0.023636 0.045250 0.344755
2 0.319992 0.542678 0.017868 0.040010 0.340454
0 0.717384 0.536311 0.031457 0.077231 0.316809
2 0.901264 0.550633 0.064037 0.092385 0.305464
2 0.874678 0.539801 0.115669 0.088332 0.288724
0 0.035980 0.597462 0.018147 0.104578 0.282564
9 0.697690 0.375327 0.047320 0.122233 0.266086
9 0.713683 0.355114 0.027246 0.090380 0.263006
9 0.713080 0.372918 0.026938 0.126538 0.259120
2 0.938363 0.697199 0.122094 0.588169 0.259062
0 0.021127 0.606404 0.030342 0.146546 0.257419
