0 0.833449 0.311776 0.021378 0.102594 0.699798
2 0.513901 0.291975 0.023475 0.032874 0.698434
0 0.703818 0.310457 0.017864 0.078403 0.637449
0 0.484445 0.296913 0.015713 0.071835 0.609356
0 0.542672 0.301058 0.014527 0.069511 0.541196
0 0.918297 0.316915 0.021830 0.100789 0.509808
0 0.766332 0.297809 0.016348 0.070250 0.482867
0 0.817434 0.314659 0.017383 0.096658 0.438725
0 0.730349 0.306034 0.011705 0.060522 0.427710
0 0.586399 0.298325 0.012150 0.060211 0.427364
2 0.497783 0.799009 0.991732 0.363624 0.405519
0 0.786199 0.305851 0.022221 0.107378 0.399439
0 0.784527 0.317860 0.018578 0.085180 0.344115
0 0.742285 0.306048 0.012960 0.069814 0.316578
2 0.512984 0.283076 0.024116 0.044445 0.279930
