2 0.575535 0.581483 0.124650 0.154439 0.862210
9 0.551978 0.341143 0.011594 0.052808 0.762941
2 0.880344 0.622800 0.238459 0.302813 0.679377
2 0.390354 0.570253 0.229542 0.369927 0.580361
7 0.390024 0.569895 0.228915 0.369409 0.540386
9 0.188073 0.294450 0.021712 0.060037 0.521059
9 0.355190 0.120798 0.028728 0.105355 0.461865
9 0.379857 0.115458 0.023999 0.104707 0.459687
2 0.675551 0.534374 0.027920 0.026951 0.436745
2 0.269001 0.521112 0.024768 0.048032 0.384119
9 0.180939 0.069001 0.030257 0.108132 0.367979
9 0.096884 0.171421 0.050120 0.098402 0.357334
2 0.718982 0.540296 0.020793 0.025874 0.316806
9 0.438232 0.360799 0.013295 0.054253 0.284627
2 0.285965 0.540683 0.016964 0.095947 0.257304
2 0.678970 0.535917 0.039532 0.030700 0.257098
