2 0.854935 0.482810 0.147425 0.097844 0.814467
9 0.766597 0.248786 0.019215 0.078846 0.734748
2 0.210871 0.534605 0.154928 0.108358 0.683612
2 0.747383 0.488354 0.122641 0.102838 0.616277
9 0.158314 0.252702 0.018188 0.062104 0.606278
7 0.210472 0.534779 0.157421 0.110471 0.505374
9 0.162140 0.253330 0.026203 0.061789 0.485591
7 0.747376 0.488824 0.121201 0.104965 0.458918
6 0.523323 0.918377 0.950003 0.146088 0.308152
2 0.934677 0.467829 0.055264 0.104471 0.276035
2 0.970343 0.470832 0.057320 0.094596 0.251758
