2 0.205658 0.528952 0.193689 0.223756 0.882221
2 0.072266 0.573704 0.144281 0.273391 0.847688
2 0.346682 0.506133 0.096226 0.123215 0.813314
2 0.661733 0.515262 0.090475 0.143707 0.757786
2 0.410123 0.495067 0.057935 0.074491 0.726583
2 0.458187 0.486337 0.034833 0.041743 0.540955
2 0.607060 0.504768 0.038380 0.073453 0.429109
2 0.612341 0.510113 0.031253 0.079518 0.420598
2 0.479288 0.478264 0.030875 0.037249 0.385276
2 0.483150 0.482083 0.024308 0.037236 0.343315
2 0.960441 0.721116 0.078135 0.346628 0.319537
2 0.618668 0.512107 0.032063 0.084646 0.317022
2 0.468181 0.481962 0.040327 0.042070 0.263709
3 0.960306 0.725082 0.078503 0.348125 0.257501
