2 0.838705 0.349104 0.321427 0.258837 0.925106
2 0.226470 0.271188 0.217209 0.121691 0.914435
2 0.464577 0.240580 0.080942 0.073470 0.871864
2 0.732727 0.299251 0.195436 0.164158 0.845080
2 0.354187 0.239816 0.057814 0.055372 0.711634
2 0.622573 0.290552 0.101475 0.144637 0.686818
2 0.499905 0.801194 0.998018 0.362478 0.683798
2 0.378969 0.228330 0.045882 0.045293 0.580759
2 0.600283 0.264690 0.088920 0.112158 0.553125
2 0.293460 0.234592 0.087817 0.072448 0.524093
2 0.076730 0.242695 0.102393 0.078315 0.478749
2 0.555083 0.245578 0.024535 0.041301 0.432239
2 0.880314 0.253848 0.122770 0.066564 0.387076
2 0.588659 0.262641 0.063158 0.104930 0.354968
2 0.550805 0.241959 0.031318 0.045106 0.265368
