2 0.823335 0.642946 0.252705 0.238106 0.874951
2 0.678441 0.583440 0.123728 0.125853 0.867440
2 0.939389 0.714751 0.120802 0.341791 0.834276
2 0.620238 0.544244 0.081779 0.111535 0.718406
5 0.475791 0.493068 0.073112 0.150462 0.689121
5 0.054251 0.420896 0.108082 0.220188 0.654335
2 0.202248 0.469103 0.068765 0.046428 0.504215
2 0.159989 0.465380 0.046871 0.052293 0.489379
2 0.571361 0.540757 0.037018 0.070987 0.476311
2 0.560583 0.528471 0.051075 0.068633 0.461571
2 0.276354 0.471846 0.035822 0.053732 0.424303
