2 0.926148 0.658016 0.146738 0.286496 0.934612
2 0.102940 0.610892 0.205877 0.235402 0.915440
2 0.284568 0.569779 0.094644 0.121685 0.890228
2 0.396189 0.558049 0.076452 0.116329 0.869923
7 0.262538 0.509850 0.133579 0.186710 0.797949
2 0.343445 0.542955 0.032342 0.044657 0.689557
2 0.685098 0.550660 0.033558 0.087138 0.623818
5 0.618113 0.541513 0.107119 0.204961 0.620223
2 0.849024 0.551999 0.097784 0.079349 0.617245
2 0.049698 0.511172 0.098927 0.082933 0.606322
2 0.526576 0.529083 0.017818 0.025466 0.536359
2 0.553098 0.530230 0.015152 0.027281 0.517709
2 0.236239 0.543478 0.084604 0.134428 0.387716
2 0.898366 0.510678 0.044685 0.039166 0.386338
2 0.704662 0.537654 0.032509 0.057492 0.381895
2 0.739795 0.538961 0.031363 0.047773 0.361216
2 0.470704 0.525114 0.019320 0.024869 0.328928
7 0.961853 0.481044 0.075800 0.098777 0.276890
2 0.796589 0.544145 0.073209 0.067844 0.275807
7 0.446526 0.517543 0.035290 0.059424 0.267407
