2 0.103905 0.677541 0.092181 0.112530 0.854897
2 0.288186 0.640559 0.063838 0.089593 0.781687
2 0.039257 0.695297 0.078266 0.172985 0.779956
2 0.332761 0.626505 0.032509 0.042652 0.754198
0 0.893079 0.638574 0.054942 0.268678 0.737739
2 0.166868 0.657640 0.076097 0.083381 0.724209
2 0.217583 0.651468 0.045672 0.069184 0.658867
2 0.429092 0.627025 0.047702 0.076450 0.553037
2 0.225415 0.635086 0.052806 0.070483 0.431418
2 0.372609 0.619215 0.017622 0.020253 0.392388
24 0.902067 0.600255 0.035746 0.114423 0.303535
