2 0.842142 0.807641 0.315274 0.372648 0.925776
2 0.547340 0.636948 0.083452 0.111019 0.895006
2 0.422291 0.616307 0.063491 0.097034 0.875166
2 0.649411 0.639312 0.093379 0.094875 0.861613
2 0.746889 0.665868 0.153132 0.125112 0.786488
0 0.865433 0.596589 0.024510 0.052089 0.658569
7 0.205419 0.566434 0.060087 0.084648 0.584499
7 0.487998 0.580166 0.043246 0.093713 0.561636
5 0.487801 0.580138 0.043043 0.094708 0.495446
2 0.602246 0.619496 0.029205 0.057277 0.351439
2 0.192139 0.581279 0.033508 0.056982 0.324999
2 0.461255 0.591842 0.018264 0.039840 0.311780
9 0.572100 0.449097 0.014584 0.040322 0.298551
2 0.929226 0.684692 0.140620 0.149173 0.269263
7 0.192138 0.580417 0.034450 0.058830 0.250151
