2 0.589260 0.603780 0.256963 0.375445 0.910046
7 0.207184 0.527922 0.288530 0.191371 0.879343
2 0.452950 0.523265 0.065734 0.095322 0.855706
2 0.903667 0.533291 0.066264 0.085701 0.829915
2 0.797584 0.528609 0.038985 0.047573 0.806958
2 0.727538 0.522135 0.026263 0.028269 0.468591
0 0.946703 0.558462 0.020429 0.082875 0.444033
7 0.063674 0.426504 0.042490 0.036427 0.342789
2 0.109198 0.430478 0.031000 0.025513 0.341186
2 0.499254 0.883858 0.996192 0.199706 0.317345
2 0.067696 0.475998 0.050801 0.021254 0.302054
