2 0.151834 0.462271 0.302203 0.263711 0.925695
2 0.774123 0.424361 0.156926 0.153292 0.883222
2 0.695393 0.394138 0.106852 0.135842 0.875075
2 0.336080 0.412060 0.133072 0.133113 0.861141
2 0.647889 0.381308 0.045200 0.099950 0.705819
2 0.457057 0.368874 0.036770 0.065161 0.701152
2 0.613382 0.373548 0.041532 0.064994 0.630929
2 0.401510 0.382977 0.087946 0.095820 0.597163
2 0.587102 0.361366 0.031760 0.052117 0.443239
2 0.499687 0.884525 0.997689 0.187347 0.391135
2 0.508339 0.355186 0.024694 0.037124 0.343572
2 0.425962 0.380959 0.054676 0.093375 0.275573
2 0.485370 0.364606 0.023129 0.047251 0.268486
