2 0.833769 0.513141 0.170644 0.155061 0.892909
2 0.634969 0.522537 0.064726 0.071979 0.835377
2 0.952983 0.477999 0.093061 0.101731 0.815646
2 0.718132 0.515811 0.104099 0.109310 0.814010
2 0.595179 0.521247 0.045914 0.060611 0.812825
2 0.258401 0.554337 0.040733 0.050288 0.761358
2 0.070089 0.589750 0.047055 0.042533 0.728175
2 0.118972 0.575984 0.031092 0.040552 0.633122
2 0.465324 0.528957 0.023808 0.028047 0.615709
7 0.350614 0.530115 0.026744 0.056124 0.609352
2 0.541579 0.518495 0.033306 0.031071 0.570224
2 0.019998 0.597944 0.039764 0.047117 0.532279
2 0.153926 0.571370 0.024309 0.027082 0.490074
2 0.561721 0.514093 0.026214 0.033380 0.390833
2 0.984206 0.496380 0.031014 0.076455 0.271108
9 0.508447 0.474637 0.009993 0.024870 0.269717
