2 0.800370 0.688004 0.305158 0.245928 0.936581
2 0.549338 0.606627 0.059023 0.083965 0.834414
9 0.480567 0.464181 0.008964 0.040389 0.780920
2 0.668974 0.606750 0.063986 0.067597 0.773757
2 0.467772 0.615788 0.072447 0.119751 0.707687
2 0.585072 0.601130 0.021572 0.035722 0.695431
9 0.268257 0.435051 0.009160 0.042809 0.607069
2 0.879962 0.591927 0.054839 0.065767 0.361366
2 0.514962 0.594762 0.013354 0.030697 0.346485
2 0.498774 0.878105 0.992451 0.218040 0.306926
2 0.518985 0.590419 0.019797 0.036491 0.280217
7 0.199143 0.573803 0.062014 0.041937 0.262311
