2 0.144006 0.738257 0.287399 0.197935 0.914808
2 0.592002 0.741074 0.076851 0.106343 0.881484
2 0.479284 0.729461 0.070749 0.103212 0.878005
2 0.423828 0.711279 0.026648 0.050806 0.813295
2 0.342570 0.707267 0.031031 0.061644 0.802784
2 0.679260 0.738803 0.082240 0.102513 0.767156
2 0.540874 0.721565 0.039724 0.059333 0.765710
2 0.382020 0.713792 0.065883 0.094011 0.727973
2 0.730213 0.720023 0.039709 0.049240 0.724282
2 0.984016 0.882835 0.030956 0.101684 0.641345
2 0.993679 0.743280 0.011833 0.050840 0.457264
2 0.440527 0.703184 0.014231 0.029156 0.333146
