2 0.058320 0.500974 0.116395 0.143118 0.891789
2 0.248695 0.473101 0.044504 0.058521 0.786227
2 0.125837 0.473866 0.034015 0.047377 0.739043
2 0.176331 0.467468 0.027437 0.031479 0.737429
2 0.444306 0.477175 0.047228 0.055151 0.728900
2 0.152712 0.470497 0.027254 0.036407 0.706342
2 0.382079 0.457791 0.021156 0.031195 0.692249
0 0.519098 0.482828 0.016091 0.064460 0.684070
2 0.202668 0.462756 0.022463 0.025887 0.610771
9 0.558007 0.156606 0.016538 0.072701 0.522958
0 0.540158 0.481903 0.013886 0.065307 0.487607
9 0.525327 0.155756 0.014812 0.072250 0.467676
2 0.290737 0.448550 0.018994 0.022192 0.422841
2 0.360857 0.452845 0.024530 0.033838 0.405753
9 0.546674 0.153919 0.015012 0.075821 0.393137
74 0.791049 0.233452 0.018505 0.039418 0.378600
2 0.503563 0.459952 0.026097 0.035966 0.350429
9 0.553871 0.155363 0.025121 0.075865 0.333996
2 0.287703 0.451432 0.021127 0.025116 0.294423
2 0.994425 0.495950 0.010504 0.055403 0.280993
