7 0.895922 0.196456 0.206683 0.358740 0.920348
2 0.273926 0.290645 0.086014 0.117497 0.836521
2 0.146526 0.290307 0.047355 0.053617 0.818117
2 0.349476 0.280465 0.028687 0.036052 0.802226
2 0.443753 0.272193 0.036843 0.053961 0.724107
2 0.199920 0.279599 0.029668 0.040544 0.622506
2 0.393493 0.271910 0.019833 0.031650 0.558676
2 0.023826 0.305914 0.047457 0.066665 0.556475
2 0.436517 0.793689 0.867170 0.389922 0.453556
10 0.054146 0.320682 0.019530 0.085055 0.412401
2 0.367432 0.273571 0.018416 0.026825 0.355435
2 0.417600 0.268298 0.019730 0.027103 0.325096
2 0.480057 0.270327 0.026827 0.023745 0.314056
