2 0.097243 0.482536 0.152290 0.157378 0.858917
2 0.211239 0.452884 0.088705 0.107616 0.837097
2 0.025604 0.481034 0.051068 0.087994 0.824547
2 0.290933 0.441792 0.063120 0.071351 0.793011
2 0.497882 0.419898 0.029498 0.037641 0.756726
2 0.329264 0.423168 0.022261 0.035021 0.686362
2 0.351814 0.421901 0.024952 0.031942 0.627632
9 0.332213 0.029577 0.032056 0.058671 0.579890
9 0.364898 0.030695 0.026069 0.059884 0.579543
2 0.500174 0.899383 0.992978 0.179450 0.572890
2 0.368283 0.418361 0.021882 0.030561 0.463810
2 0.400329 0.419069 0.021317 0.019879 0.425010
9 0.635580 0.304440 0.010608 0.030706 0.293335
