2 0.834433 0.680280 0.329805 0.422958 0.930837
2 0.199822 0.533976 0.100377 0.104901 0.890048
2 0.571189 0.525576 0.075359 0.100138 0.881146
2 0.477899 0.505104 0.029774 0.041683 0.831044
2 0.618337 0.512546 0.040658 0.071080 0.785155
2 0.387210 0.508243 0.038785 0.050235 0.739950
7 0.296085 0.517714 0.101778 0.133555 0.678944
2 0.515020 0.503889 0.023869 0.035280 0.649030
7 0.025865 0.549055 0.051213 0.382034 0.609425
2 0.432064 0.506834 0.031005 0.039740 0.595619
2 0.410470 0.508522 0.019962 0.041124 0.379720
2 0.942390 0.795248 0.113958 0.375495 0.357190
0 0.804933 0.550830 0.042435 0.079386 0.355928
2 0.497877 0.495768 0.015993 0.035883 0.280539
7 0.841407 0.300171 0.315559 0.548133 0.272485
