2 0.226173 0.611492 0.239929 0.258678 0.897591
2 0.379859 0.524695 0.064644 0.081460 0.857268
2 0.854258 0.544036 0.160479 0.095485 0.795664
2 0.482407 0.514334 0.050334 0.069404 0.727343
2 0.571044 0.523876 0.066579 0.084394 0.616768
0 0.333722 0.492010 0.016222 0.065997 0.557262
2 0.514740 0.504638 0.029374 0.039450 0.511464
2 0.426845 0.504300 0.027174 0.032599 0.477048
2 0.786370 0.535507 0.087195 0.071288 0.416967
2 0.408156 0.917910 0.764218 0.150212 0.350920
2 0.538152 0.511207 0.036176 0.056643 0.274415
2 0.563206 0.510842 0.081392 0.060995 0.251710
2 0.791275 0.527096 0.086997 0.058405 0.251497
