2 0.918976 0.669085 0.161307 0.281595 0.922895
2 0.705807 0.625985 0.159867 0.160212 0.880698
2 0.621184 0.610165 0.065282 0.092377 0.860116
2 0.513844 0.578077 0.044437 0.051201 0.675504
2 0.576019 0.578550 0.086899 0.110143 0.529555
2 0.487245 0.569088 0.026727 0.041037 0.454199
2 0.455037 0.564782 0.015374 0.032349 0.377347
2 0.468558 0.565769 0.018402 0.036419 0.350120
2 0.311742 0.559116 0.033610 0.056530 0.334697
2 0.401991 0.570021 0.017896 0.018951 0.330873
2 0.587549 0.593837 0.067054 0.082167 0.284684
