2 0.889189 0.524404 0.220674 0.199065 0.919327
2 0.491839 0.486284 0.068332 0.102767 0.839454
2 0.146517 0.468187 0.060264 0.049157 0.761213
2 0.578668 0.469924 0.036959 0.045223 0.691112
2 0.211371 0.463072 0.066489 0.058935 0.687253
2 0.452774 0.471086 0.030654 0.077312 0.619661
2 0.305325 0.462324 0.044014 0.048807 0.610232
2 0.500733 0.880191 0.996536 0.214097 0.549834
2 0.286609 0.453420 0.026172 0.036612 0.449449
2 0.520480 0.465349 0.018188 0.038417 0.430777
2 0.559549 0.465381 0.028051 0.041504 0.366597
2 0.333781 0.453958 0.021968 0.030863 0.305982
9 0.455700 0.398868 0.008328 0.017227 0.293037
