2 0.148503 0.562975 0.296213 0.271106 0.926077
2 0.302374 0.525861 0.121814 0.163647 0.884425
2 0.371087 0.505297 0.081450 0.116804 0.868740
11 0.685471 0.375288 0.024145 0.044667 0.840130
2 0.924567 0.635444 0.149762 0.408568 0.786395
2 0.578588 0.493494 0.037398 0.047989 0.784319
2 0.415536 0.496737 0.054375 0.087564 0.773980
2 0.461717 0.486668 0.030039 0.041253 0.708778
2 0.879633 0.510252 0.143891 0.096004 0.585953
11 0.374887 0.381968 0.021805 0.043841 0.504738
2 0.495065 0.877314 0.987138 0.218192 0.503244
2 0.478751 0.485690 0.013126 0.035417 0.392544
2 0.551615 0.487106 0.017550 0.030465 0.379331
2 0.534072 0.481427 0.014119 0.022263 0.370036
2 0.488287 0.485342 0.014935 0.032821 0.354490
2 0.491517 0.485179 0.016210 0.029557 0.297732
2 0.868027 0.511961 0.090180 0.094060 0.251293
