2 0.762154 0.857735 0.474003 0.274865 0.900407
2 0.395275 0.828544 0.058013 0.075803 0.860312
7 0.360570 0.778990 0.060257 0.104910 0.803054
2 0.292581 0.809006 0.054513 0.085492 0.741721
2 0.076896 0.771901 0.085263 0.050902 0.727147
2 0.017935 0.761670 0.035806 0.072436 0.691682
2 0.133677 0.762893 0.037800 0.049465 0.597070
2 0.467439 0.832780 0.046275 0.076865 0.576501
2 0.059756 0.756671 0.056710 0.058300 0.568885
2 0.194898 0.783040 0.028068 0.029283 0.471997
9 0.482268 0.733371 0.016171 0.039150 0.358944
2 0.440010 0.829490 0.017224 0.056474 0.320658
2 0.431018 0.826284 0.020075 0.049310 0.273105
2 0.232694 0.773593 0.022131 0.034029 0.252327
