2 0.333318 0.362660 0.124485 0.147321 0.888744
2 0.117514 0.327190 0.133958 0.105180 0.873549
9 0.089825 0.070747 0.021199 0.071641 0.723729
2 0.434188 0.304105 0.037995 0.056488 0.653452
2 0.544252 0.307829 0.037334 0.062198 0.640225
2 0.339642 0.801799 0.648412 0.361473 0.633489
2 0.491957 0.305432 0.020819 0.028033 0.587972
9 0.360392 0.140770 0.011723 0.045589 0.488329
9 0.887437 0.217824 0.010506 0.039737 0.472071
9 0.592651 0.146512 0.010566 0.047990 0.460005
2 0.157205 0.288410 0.068278 0.067257 0.378699
9 0.285154 0.168917 0.012360 0.026698 0.355064
0 0.953643 0.329687 0.014574 0.070439 0.348467
9 0.102908 0.221420 0.029701 0.055051 0.347695
0 0.969592 0.352833 0.014718 0.069390 0.328578
9 0.370213 0.139258 0.008929 0.039108 0.257345
2 0.508887 0.298907 0.011822 0.020903 0.255128
