2 0.808940 0.490693 0.098760 0.081366 0.898426
7 0.166429 0.416261 0.159291 0.117148 0.873387
2 0.409857 0.457177 0.047202 0.069253 0.840578
2 0.498381 0.463043 0.051210 0.082751 0.829025
2 0.592002 0.461784 0.029540 0.039447 0.793051
2 0.119019 0.459684 0.074181 0.044991 0.747829
2 0.269344 0.448426 0.033996 0.033652 0.693702
2 0.541576 0.458783 0.030985 0.041724 0.656420
2 0.303222 0.446997 0.037315 0.028377 0.646129
2 0.572496 0.449440 0.030467 0.042926 0.632584
2 0.049986 0.462012 0.046571 0.049909 0.622377
2 0.974535 0.512736 0.050090 0.246208 0.520384
7 0.974368 0.511436 0.050465 0.247186 0.483240
2 0.500424 0.861804 0.995070 0.226177 0.394141
2 0.337172 0.438654 0.021927 0.037390 0.382488
