2 0.898943 0.714622 0.201040 0.372726 0.791044
2 0.535937 0.579813 0.096119 0.125076 0.737273
2 0.355949 0.552024 0.092794 0.122920 0.696217
2 0.137706 0.680506 0.270111 0.288285 0.622225
2 0.245490 0.588479 0.167047 0.189304 0.621631
2 0.666964 0.544945 0.070673 0.125616 0.600192
2 0.831557 0.590710 0.123274 0.214244 0.563981
2 0.626970 0.548084 0.023600 0.060718 0.439783
3 0.732270 0.673232 0.079917 0.252055 0.427999
2 0.477970 0.522910 0.045627 0.077144 0.333125
2 0.606884 0.532270 0.023676 0.036280 0.311681
2 0.391102 0.526957 0.082923 0.118723 0.251034
