2 0.523831 0.485203 0.107819 0.163337 0.879247
2 0.226232 0.493025 0.082361 0.103411 0.859389
2 0.306895 0.472556 0.074626 0.085311 0.840188
0 0.101215 0.569745 0.152756 0.458309 0.837727
2 0.410257 0.472175 0.070367 0.097009 0.826400
2 0.502661 0.873585 0.991258 0.231606 0.766242
24 0.050353 0.504258 0.100706 0.186074 0.698366
2 0.173780 0.532574 0.143725 0.232097 0.661821
7 0.459505 0.436324 0.039085 0.092924 0.579117
3 0.091501 0.697277 0.182013 0.254775 0.322014
2 0.123455 0.533904 0.242764 0.230840 0.301472
7 0.389263 0.436434 0.109258 0.114549 0.273135
