2 0.302091 0.623945 0.109379 0.140823 0.888220
2 0.494812 0.627112 0.043078 0.055509 0.859302
9 0.802681 0.274408 0.026611 0.118274 0.842897
2 0.460509 0.621404 0.031266 0.045844 0.836826
2 0.406893 0.623012 0.042574 0.053855 0.829345
2 0.367359 0.621378 0.048347 0.092613 0.785734
9 0.445821 0.395467 0.022192 0.056544 0.701662
2 0.558172 0.630296 0.035731 0.038324 0.644280
2 0.942154 0.648060 0.066078 0.089506 0.618963
9 0.596529 0.417731 0.024402 0.055762 0.532676
2 0.585500 0.627928 0.021759 0.031688 0.504796
9 0.262813 0.472618 0.011049 0.043000 0.433310
