2 0.432151 0.651316 0.137441 0.267707 0.871225
2 0.706885 0.666636 0.294845 0.338098 0.843715
2 0.332009 0.611146 0.061007 0.083231 0.838931
2 0.075223 0.767035 0.149202 0.395910 0.832433
2 0.565043 0.617512 0.113742 0.187962 0.800789
2 0.263717 0.601200 0.047288 0.059699 0.776245
2 0.949778 0.608139 0.099296 0.134793 0.774423
9 0.456541 0.435893 0.015873 0.057376 0.726609
2 0.780183 0.584580 0.037708 0.058184 0.534495
9 0.190494 0.449339 0.014052 0.034927 0.515144
2 0.233632 0.596668 0.028172 0.033219 0.488763
2 0.116168 0.617187 0.049814 0.064855 0.467595
7 0.190537 0.588280 0.058877 0.096062 0.421569
2 0.071131 0.617897 0.060275 0.067356 0.415566
2 0.294725 0.590495 0.022227 0.032281 0.395768
9 0.185420 0.448926 0.010219 0.035661 0.389693
9 0.619744 0.462875 0.008581 0.017220 0.342822
9 0.187628 0.446808 0.015351 0.039281 0.338185
5 0.895258 0.484236 0.208168 0.387040 0.334876
2 0.142040 0.601045 0.040909 0.046601 0.320057
2 0.363852 0.584457 0.016743 0.025120 0.262494
2 0.098415 0.616347 0.036283 0.065650 0.256955
