2 0.890642 0.513170 0.217589 0.511185 0.914972
2 0.632431 0.432143 0.099827 0.138846 0.912909
2 0.769125 0.445852 0.238893 0.287737 0.847195
2 0.575370 0.418040 0.062931 0.094587 0.845390
2 0.361554 0.399934 0.034576 0.047158 0.772508
2 0.544610 0.408884 0.043524 0.077581 0.764204
2 0.522944 0.399093 0.028436 0.061499 0.612785
2 0.397671 0.396560 0.022555 0.029513 0.546982
2 0.507171 0.397295 0.020256 0.048155 0.450766
2 0.500368 0.842981 0.995026 0.279100 0.449871
2 0.492930 0.393224 0.017394 0.032775 0.425443
2 0.512106 0.397410 0.027697 0.054018 0.417163
2 0.489000 0.391963 0.018105 0.032887 0.409967
2 0.485820 0.391449 0.015959 0.031209 0.348608
