2 0.500409 0.529423 0.036552 0.052256 0.822844
2 0.336257 0.533910 0.048950 0.061400 0.811060
2 0.564096 0.531529 0.035529 0.046360 0.751996
2 0.609064 0.533700 0.060811 0.080083 0.705509
2 0.408060 0.525480 0.021051 0.031835 0.616485
2 0.386917 0.528556 0.029954 0.037071 0.598820
10 0.699359 0.555057 0.012869 0.041363 0.595279
2 0.365190 0.534833 0.020441 0.040581 0.567370
2 0.533101 0.519206 0.020636 0.039481 0.538964
2 0.424634 0.522697 0.018776 0.025770 0.439748
2 0.442645 0.519832 0.015757 0.024275 0.414837
