2 0.392475 0.490774 0.131346 0.204701 0.898532
7 0.376929 0.328656 0.058899 0.116746 0.800747
7 0.109414 0.411041 0.216914 0.818094 0.773716
2 0.211711 0.373643 0.048844 0.069728 0.729897
2 0.278820 0.380075 0.061724 0.102326 0.683822
7 0.315844 0.339960 0.033392 0.085008 0.618912
2 0.358263 0.393031 0.047113 0.059854 0.605078
2 0.188050 0.397086 0.029212 0.068130 0.535717
2 0.464255 0.412159 0.076036 0.103766 0.511161
2 0.240444 0.363123 0.023161 0.056878 0.485530
2 0.704414 0.433600 0.065662 0.035900 0.296773
