7 0.807777 0.563113 0.382215 0.837117 0.925626
2 0.382029 0.634770 0.108691 0.149468 0.866103
2 0.532960 0.615293 0.034219 0.038975 0.819621
2 0.473128 0.608106 0.037813 0.050655 0.785743
2 0.294325 0.605805 0.026749 0.054106 0.638099
2 0.247048 0.599280 0.077892 0.137281 0.605987
7 0.246881 0.599231 0.077916 0.136408 0.554817
7 0.042749 0.598685 0.051474 0.056456 0.433362
7 0.634648 0.553325 0.077812 0.164368 0.430125
2 0.495396 0.602346 0.022372 0.042020 0.422147
2 0.331916 0.604218 0.035793 0.079049 0.401737
2 0.454265 0.605927 0.016689 0.035724 0.365774
2 0.434520 0.604126 0.020008 0.033262 0.346161
2 0.441444 0.607289 0.012856 0.027413 0.342287
2 0.307207 0.596031 0.021040 0.034103 0.333813
