2 0.928596 0.645398 0.141890 0.400295 0.938443
2 0.782416 0.616580 0.222668 0.231236 0.921871
2 0.658521 0.576666 0.124298 0.174318 0.919673
2 0.074522 0.750178 0.148066 0.346832 0.909779
2 0.195540 0.653204 0.210280 0.225729 0.907222
2 0.299158 0.606040 0.111100 0.168197 0.872951
2 0.590569 0.573854 0.049374 0.102748 0.843950
2 0.356903 0.595758 0.036064 0.098988 0.764493
2 0.566476 0.568458 0.039098 0.082065 0.718489
2 0.084666 0.611839 0.067518 0.077601 0.696349
2 0.372335 0.585286 0.039137 0.083314 0.632529
2 0.528563 0.560901 0.028785 0.061072 0.617549
2 0.392568 0.575550 0.034274 0.066970 0.575956
2 0.542802 0.566886 0.025575 0.068231 0.556073
2 0.417599 0.572848 0.022162 0.047124 0.459423
2 0.536014 0.561402 0.023101 0.061185 0.387931
2 0.363385 0.592527 0.042659 0.096858 0.377486
2 0.381924 0.582534 0.026165 0.080688 0.363682
2 0.414835 0.573347 0.018590 0.054165 0.363557
2 0.400556 0.573778 0.027406 0.061921 0.339333
2 0.467973 0.572030 0.016735 0.022822 0.311459
2 0.540057 0.929878 0.907791 0.121275 0.292107
2 0.486861 0.569151 0.019993 0.026232 0.268905
2 0.509147 0.563100 0.016952 0.040280 0.259284
