2 0.454390 0.567583 0.144884 0.190111 0.903217
2 0.380397 0.555134 0.059034 0.146428 0.850168
2 0.043443 0.609550 0.086075 0.096039 0.825376
2 0.313651 0.567848 0.032681 0.043423 0.814417
2 0.586227 0.550268 0.074074 0.050506 0.772582
2 0.343112 0.564021 0.031911 0.091676 0.740849
2 0.289246 0.539577 0.020330 0.025399 0.673320
2 0.658138 0.543232 0.044075 0.043236 0.606147
2 0.116918 0.594929 0.031308 0.076270 0.552180
2 0.168537 0.572016 0.046901 0.084928 0.336078
2 0.147676 0.581588 0.025351 0.067571 0.297015
2 0.123229 0.591510 0.028663 0.073045 0.274181
2 0.089344 0.595683 0.040038 0.076103 0.252174
