2 0.238267 0.577512 0.175298 0.234835 0.840585
2 0.438853 0.568237 0.036026 0.052874 0.799711
2 0.862837 0.586830 0.100917 0.058066 0.700260
2 0.573279 0.568684 0.110048 0.155178 0.661729
2 0.375689 0.562702 0.039657 0.058246 0.608681
0 0.751422 0.595703 0.022338 0.104223 0.502492
7 0.037123 0.564124 0.074099 0.099127 0.485539
2 0.463219 0.563130 0.018129 0.025899 0.479843
9 0.160470 0.422030 0.012733 0.070809 0.402252
2 0.499906 0.857503 0.995594 0.248713 0.390189
2 0.410541 0.558345 0.017173 0.033413 0.350121
2 0.460117 0.559505 0.020667 0.035454 0.346455
2 0.414358 0.560869 0.013631 0.028654 0.250327
