2 0.601663 0.639739 0.073023 0.082634 0.905231
2 0.972588 0.651808 0.053867 0.081903 0.831583
2 0.383979 0.631484 0.077459 0.083329 0.805157
0 0.098955 0.634090 0.025892 0.113777 0.798678
2 0.556765 0.630846 0.040000 0.059849 0.765403
2 0.025420 0.623963 0.050678 0.141933 0.705669
9 0.691224 0.034740 0.030920 0.068482 0.681549
2 0.426384 0.622448 0.038358 0.067333 0.634416
9 0.313847 0.260473 0.016491 0.069612 0.602100
9 0.345323 0.262433 0.016591 0.067974 0.599032
9 0.645842 0.036819 0.024420 0.073289 0.588585
9 0.330747 0.258551 0.016585 0.071475 0.530836
2 0.533936 0.632809 0.020942 0.045406 0.447105
9 0.335008 0.259920 0.036412 0.073906 0.324650
9 0.259778 0.477984 0.029179 0.071561 0.260076
