2 0.651841 0.579186 0.213776 0.265276 0.861078
0 0.852703 0.545959 0.035877 0.135785 0.858402
2 0.496772 0.482567 0.051519 0.076050 0.857536
2 0.048987 0.495941 0.097402 0.247244 0.827237
2 0.383378 0.504588 0.110473 0.176831 0.808792
2 0.103891 0.469775 0.050301 0.086056 0.792692
2 0.751579 0.510179 0.038389 0.057056 0.741098
9 0.142625 0.210026 0.015872 0.058108 0.733014
5 0.335320 0.432683 0.053134 0.085569 0.699407
9 0.412234 0.306270 0.010308 0.040113 0.655005
9 0.290193 0.245304 0.015833 0.050562 0.630711
2 0.471639 0.468263 0.022747 0.045249 0.629762
7 0.206813 0.467962 0.120519 0.130462 0.626687
9 0.508862 0.331437 0.010984 0.039409 0.547420
2 0.271572 0.451604 0.038591 0.046678 0.521585
2 0.393735 0.884302 0.779120 0.215618 0.474286
2 0.304756 0.448391 0.017807 0.038695 0.445386
9 0.303857 0.247472 0.011937 0.048207 0.278961
2 0.440336 0.462183 0.017454 0.047045 0.257047
9 0.418872 0.305308 0.014000 0.040233 0.251065
