2 0.520599 0.496311 0.078883 0.094006 0.883469
2 0.936477 0.458742 0.126113 0.117936 0.876989
2 0.163035 0.515292 0.082201 0.096426 0.874963
2 0.297375 0.495733 0.056395 0.076580 0.852609
9 0.328636 0.145419 0.018902 0.090124 0.786425
9 0.591953 0.214817 0.014375 0.068556 0.776871
2 0.389388 0.483968 0.033213 0.049862 0.771593
9 0.234192 0.135433 0.019894 0.062276 0.746172
9 0.558232 0.228492 0.012534 0.047354 0.703397
9 0.206860 0.122337 0.021090 0.092175 0.674615
9 0.504523 0.189144 0.018579 0.074175 0.584694
9 0.486711 0.189110 0.014309 0.063440 0.582161
2 0.908020 0.438579 0.040970 0.031934 0.546809
9 0.359530 0.139349 0.019603 0.075286 0.523909
2 0.840651 0.440192 0.039021 0.032892 0.425918
9 0.672306 0.367634 0.014120 0.026528 0.288822
