2 0.069161 0.418769 0.061672 0.081843 0.833899
2 0.592734 0.421766 0.106774 0.139725 0.809307
7 0.805290 0.374968 0.214682 0.203353 0.804118
7 0.229724 0.369502 0.073538 0.110491 0.787938
7 0.402760 0.369849 0.041081 0.084981 0.767774
2 0.505151 0.410277 0.055439 0.076253 0.754127
2 0.023758 0.412435 0.047373 0.117450 0.732660
2 0.534560 0.414910 0.036817 0.087858 0.678760
2 0.496906 0.863011 0.991483 0.245370 0.647486
2 0.149553 0.400294 0.104534 0.123633 0.551049
7 0.971970 0.596891 0.055149 0.262405 0.516250
2 0.460736 0.397343 0.024739 0.052627 0.512700
2 0.476356 0.403226 0.021850 0.056881 0.493771
7 0.695853 0.373407 0.085910 0.159471 0.490682
7 0.327731 0.378377 0.026697 0.050387 0.487187
7 0.149991 0.400299 0.105268 0.123300 0.475442
2 0.972074 0.596791 0.055018 0.262784 0.435858
2 0.480718 0.403429 0.027611 0.057969 0.385824
2 0.486780 0.406875 0.030402 0.068122 0.324997
2 0.513357 0.411646 0.038329 0.078986 0.305864
2 0.279461 0.394269 0.017412 0.030203 0.275781
