2 0.188132 0.514814 0.093769 0.103543 0.830977
2 0.449522 0.476073 0.049241 0.060694 0.807492
2 0.317849 0.479109 0.051156 0.071435 0.805876
10 0.077478 0.553399 0.015096 0.062898 0.775168
2 0.244089 0.493983 0.042506 0.065138 0.714971
2 0.260855 0.484131 0.045145 0.067422 0.635171
2 0.342855 0.450928 0.017614 0.030830 0.523424
2 0.428041 0.466197 0.028043 0.053219 0.456858
2 0.365570 0.444450 0.012077 0.023046 0.390534
2 0.280459 0.475489 0.031077 0.059806 0.345884
2 0.283373 0.479224 0.038211 0.069713 0.307716
