2 0.903094 0.647656 0.192654 0.476155 0.938549
2 0.722080 0.490924 0.085606 0.094402 0.919001
2 0.626150 0.498517 0.096924 0.111704 0.896180
2 0.876703 0.479247 0.205558 0.175966 0.878755
2 0.470080 0.506510 0.094536 0.143387 0.850924
2 0.206847 0.487443 0.035140 0.030814 0.694013
2 0.265106 0.471234 0.076601 0.048694 0.603345
5 0.080242 0.451132 0.159905 0.099663 0.464711
2 0.677471 0.470329 0.038965 0.059519 0.457765
4 0.028518 0.028051 0.056672 0.029489 0.370618
5 0.575920 0.429141 0.032592 0.062102 0.338385
7 0.575921 0.429646 0.032268 0.062659 0.324688
2 0.405505 0.446279 0.020936 0.025452 0.278715
