0 0.911609 0.750326 0.051004 0.240475 0.744040
2 0.014502 0.588139 0.028655 0.082131 0.655964
0 0.830518 0.706369 0.036475 0.172250 0.568088
0 0.876688 0.715530 0.046974 0.247589 0.512976
0 0.725969 0.627994 0.023207 0.102817 0.445145
0 0.972042 0.762222 0.054843 0.313563 0.418698
0 0.654395 0.631950 0.020634 0.091839 0.383800
0 0.240277 0.571722 0.020904 0.077431 0.365788
2 0.045421 0.555494 0.090843 0.101056 0.314364
9 0.576376 0.247825 0.032385 0.073438 0.300069
9 0.230381 0.489340 0.018714 0.033199 0.260505
