2 0.527396 0.558769 0.098253 0.123910 0.885059
9 0.532258 0.047853 0.027123 0.093147 0.777601
9 0.312004 0.095004 0.032989 0.126002 0.749258
2 0.272485 0.597828 0.028543 0.043474 0.715221
2 0.386431 0.567880 0.056401 0.097886 0.606547
2 0.318696 0.573125 0.018172 0.024966 0.589000
2 0.047829 0.689032 0.055570 0.054841 0.573087
2 0.805471 0.399670 0.032251 0.026488 0.544837
9 0.427312 0.073423 0.025357 0.058958 0.507334
2 0.296697 0.583733 0.027999 0.027481 0.458675
2 0.300306 0.580658 0.021671 0.023674 0.384384
9 0.790191 0.364074 0.009596 0.027245 0.335986
9 0.603447 0.151466 0.023544 0.067267 0.324893
9 0.231066 0.420067 0.011847 0.046460 0.275182
2 0.842716 0.390655 0.022242 0.035657 0.251783
