2 0.691969 0.382568 0.115087 0.084028 0.772294
2 0.948954 0.373159 0.074888 0.085186 0.735921
2 0.095767 0.418612 0.029092 0.026149 0.531368
9 0.844240 0.055497 0.071033 0.103397 0.519529
2 0.901672 0.353975 0.028167 0.033362 0.465765
2 0.408457 0.405008 0.034843 0.054281 0.462294
9 0.188744 0.171917 0.032968 0.052329 0.462201
2 0.850788 0.360891 0.043226 0.058549 0.419787
9 0.183039 0.173444 0.021227 0.048050 0.408055
7 0.011263 0.449955 0.022291 0.122804 0.372436
2 0.826469 0.374548 0.038326 0.045238 0.327401
2 0.879118 0.355433 0.019611 0.033331 0.306828
9 0.828612 0.047253 0.042031 0.090437 0.268478
9 0.145491 0.244361 0.014193 0.042084 0.251015
