2 0.934099 0.700480 0.130276 0.492399 0.870354
2 0.142882 0.586910 0.216302 0.189100 0.781538
0 0.345501 0.584115 0.048115 0.153874 0.771704
2 0.457948 0.584127 0.117867 0.147563 0.718106
2 0.586165 0.587329 0.140854 0.155448 0.677204
2 0.500558 0.576627 0.040774 0.106027 0.527576
2 0.817808 0.523259 0.280457 0.300926 0.505949
2 0.251593 0.565407 0.046239 0.109277 0.477416
2 0.035824 0.562401 0.071494 0.153576 0.472681
7 0.817678 0.526207 0.278831 0.307419 0.445647
0 0.307185 0.572866 0.022265 0.122864 0.282140
