2 0.448081 0.793102 0.322764 0.399112 0.934646
2 0.101153 0.788357 0.200954 0.400683 0.927283
2 0.871383 0.735323 0.256394 0.511377 0.894654
2 0.231119 0.648345 0.036858 0.053158 0.800020
2 0.175371 0.652186 0.079696 0.085087 0.772433
2 0.305931 0.645729 0.070233 0.088687 0.669091
2 0.255455 0.639192 0.029074 0.053678 0.621478
2 0.688478 0.603524 0.052393 0.041794 0.615584
2 0.351238 0.627625 0.032323 0.045120 0.497000
2 0.484053 0.584926 0.031749 0.025628 0.472284
2 0.187102 0.649362 0.056503 0.079757 0.407233
9 0.632608 0.481681 0.018855 0.046947 0.336691
9 0.477878 0.331848 0.017675 0.068064 0.328589
2 0.349375 0.634455 0.038447 0.063262 0.258287
