2 0.894049 0.613204 0.211764 0.359962 0.865101
2 0.613983 0.504122 0.052921 0.074387 0.842882
2 0.376393 0.515750 0.090815 0.113253 0.796804
2 0.267327 0.509493 0.077615 0.084148 0.781138
2 0.531232 0.522057 0.122355 0.212964 0.662377
2 0.093787 0.490781 0.068675 0.045939 0.614545
2 0.801998 0.459647 0.052523 0.032717 0.584982
2 0.713304 0.461797 0.030297 0.024954 0.559958
2 0.010973 0.484176 0.021757 0.070121 0.398597
2 0.436973 0.495456 0.043200 0.048398 0.380510
2 0.666549 0.461741 0.028959 0.019071 0.312548
2 0.216906 0.488074 0.029904 0.033461 0.251752
