2 0.414316 0.481127 0.048787 0.061686 0.831352
2 0.801601 0.533120 0.271448 0.189218 0.719702
2 0.548473 0.480279 0.074713 0.106417 0.714384
2 0.484695 0.473154 0.028600 0.045030 0.567586
2 0.207023 0.502499 0.084311 0.108137 0.453071
2 0.504186 0.479479 0.029641 0.057674 0.360804
2 0.116716 0.509321 0.068572 0.110264 0.353510
2 0.642024 0.480914 0.119917 0.142497 0.349839
2 0.443690 0.462215 0.022221 0.035017 0.328268
2 0.310580 0.477031 0.032765 0.041371 0.306605
2 0.335030 0.464178 0.023632 0.039967 0.262576
