9 0.252980 0.272240 0.026606 0.110536 0.757903
2 0.168210 0.784243 0.335924 0.352047 0.742397
0 0.848634 0.735981 0.032113 0.143393 0.731483
2 0.802966 0.723317 0.064403 0.097886 0.428150
2 0.669465 0.712824 0.046554 0.060536 0.382635
2 0.379683 0.698583 0.026469 0.046633 0.365813
9 0.626593 0.588545 0.021302 0.088366 0.337303
9 0.916235 0.537750 0.026829 0.106852 0.312349
9 0.943760 0.542844 0.022534 0.112676 0.270150
9 0.921183 0.565309 0.017977 0.054036 0.264805
2 0.988248 0.722924 0.022609 0.061868 0.264315
2 0.460653 0.714254 0.019780 0.025611 0.256055
