7 0.917987 0.448109 0.162856 0.532837 0.828163
2 0.651010 0.510397 0.039861 0.053192 0.665025
2 0.402554 0.510915 0.026067 0.019415 0.584573
2 0.268846 0.512512 0.053988 0.047451 0.554492
2 0.033107 0.539692 0.065181 0.075204 0.499596
2 0.782692 0.508028 0.042965 0.053747 0.494856
2 0.145110 0.527970 0.051560 0.056627 0.387575
2 0.743060 0.508680 0.034540 0.041980 0.368903
2 0.575822 0.507687 0.018811 0.018806 0.361163
2 0.342541 0.510644 0.062458 0.034405 0.351478
2 0.325237 0.512840 0.030382 0.031358 0.346585
2 0.738755 0.506333 0.029134 0.037582 0.269815
