2 0.889881 0.692643 0.219640 0.493338 0.819249
2 0.573197 0.517471 0.075380 0.102169 0.791203
2 0.353034 0.530654 0.077785 0.089513 0.732117
2 0.506602 0.502327 0.016313 0.037864 0.435960
2 0.527905 0.509523 0.023773 0.051616 0.434611
0 0.050611 0.543048 0.020485 0.137572 0.427972
2 0.402991 0.507592 0.044908 0.063104 0.413836
2 0.462585 0.492651 0.019991 0.028076 0.344425
2 0.433088 0.507049 0.026654 0.036425 0.329093
2 0.438327 0.503282 0.027150 0.029558 0.316299
0 0.073753 0.535304 0.026347 0.148465 0.293919
2 0.408790 0.508106 0.042216 0.055987 0.292961
2 0.493932 0.494752 0.013788 0.029318 0.254017
