2 0.794509 0.744839 0.298130 0.482767 0.919191
2 0.178053 0.611113 0.185041 0.248258 0.875170
2 0.968565 0.590850 0.062120 0.083239 0.855299
2 0.657695 0.577026 0.093600 0.124081 0.747617
2 0.921716 0.596098 0.046742 0.106811 0.730154
2 0.301435 0.579620 0.028217 0.056211 0.705631
2 0.050789 0.595039 0.100944 0.172984 0.680071
2 0.027930 0.778672 0.055382 0.395531 0.651839
5 0.376060 0.536924 0.120946 0.230000 0.644552
9 0.420356 0.309940 0.014621 0.053446 0.467871
9 0.437001 0.309605 0.014617 0.052792 0.434963
9 0.432460 0.310265 0.022788 0.052759 0.316698
