2 0.967838 0.545495 0.064062 0.154073 0.876824
2 0.409380 0.505706 0.045564 0.059715 0.713702
2 0.465040 0.489342 0.024830 0.038357 0.672911
2 0.432954 0.487604 0.017629 0.030485 0.494497
2 0.378243 0.486906 0.023460 0.042012 0.396690
9 0.046496 0.439694 0.009710 0.036982 0.385457
9 0.057360 0.442368 0.011441 0.037027 0.335514
2 0.494274 0.914069 0.979144 0.147284 0.322858
9 0.322264 0.337754 0.012417 0.054481 0.311735
9 0.271107 0.441339 0.008680 0.037664 0.287257
9 0.106235 0.437753 0.009705 0.040443 0.258801
