2 0.943778 0.544081 0.111295 0.128896 0.851417
2 0.074267 0.460628 0.054574 0.070881 0.847906
2 0.499758 0.493764 0.073813 0.090561 0.778324
2 0.028003 0.449571 0.056007 0.094221 0.769590
2 0.150114 0.449429 0.092493 0.110790 0.632003
2 0.403578 0.515188 0.025231 0.023730 0.589809
2 0.451616 0.499230 0.034285 0.059773 0.553532
2 0.280506 0.490903 0.017423 0.026794 0.530784
2 0.310076 0.494224 0.024986 0.028702 0.507210
2 0.498390 0.852764 0.992051 0.278471 0.504353
7 0.149719 0.449548 0.091697 0.111540 0.397446
2 0.293183 0.481976 0.017500 0.031282 0.275397
