2 0.594671 0.536460 0.085938 0.108969 0.876135
2 0.536215 0.534567 0.052622 0.084342 0.781559
2 0.374178 0.552105 0.027923 0.041313 0.510294
2 0.504445 0.542078 0.021486 0.034517 0.460558
0 0.260903 0.578633 0.014085 0.046720 0.411336
2 0.395632 0.549210 0.030265 0.034509 0.403767
2 0.335654 0.545772 0.053135 0.072720 0.341029
7 0.277505 0.544874 0.077946 0.090169 0.330088
7 0.336053 0.545833 0.051730 0.071358 0.328199
2 0.501469 0.544315 0.022936 0.033689 0.304349
2 0.427048 0.549600 0.023537 0.021242 0.271375
2 0.498378 0.912188 0.993245 0.144007 0.265440
2 0.421281 0.549347 0.018214 0.021837 0.259223
