2 0.784611 0.575511 0.429129 0.408651 0.936184
2 0.323392 0.463278 0.100986 0.123765 0.820664
2 0.655485 0.433786 0.102979 0.106251 0.752948
2 0.264363 0.457362 0.046887 0.086944 0.733047
2 0.232175 0.443500 0.045416 0.072199 0.721783
2 0.069989 0.424215 0.030270 0.031935 0.648199
2 0.194822 0.438701 0.037479 0.064062 0.523928
2 0.408800 0.445098 0.028831 0.051825 0.457467
2 0.498522 0.878620 0.991085 0.215384 0.435979
2 0.013892 0.432359 0.027785 0.031104 0.422723
2 0.131479 0.424790 0.021734 0.028256 0.377160
2 0.158593 0.429624 0.032589 0.031363 0.362749
2 0.045675 0.423188 0.021993 0.029012 0.282546
