7 0.458129 0.522094 0.098206 0.170492 0.794253
2 0.594514 0.517941 0.039919 0.053026 0.573435
2 0.531138 0.512997 0.035607 0.047987 0.510300
2 0.029153 0.514415 0.058305 0.060144 0.416644
2 0.960247 0.513625 0.078757 0.080638 0.390207
2 0.130929 0.515605 0.046507 0.039844 0.387429
2 0.242577 0.517304 0.028615 0.027012 0.380145
2 0.045616 0.516052 0.088598 0.055371 0.309859
2 0.209492 0.518996 0.040049 0.027060 0.289425
2 0.060039 0.518215 0.070241 0.048800 0.282263
2 0.079386 0.518943 0.038366 0.038749 0.275252
