5 0.532916 0.363143 0.309543 0.517007 0.870035
7 0.101589 0.365146 0.202837 0.387280 0.829874
0 0.831744 0.296001 0.040038 0.209285 0.798165
0 0.733468 0.257271 0.022161 0.103824 0.767727
0 0.797010 0.282753 0.043458 0.211165 0.746484
0 0.971642 0.288704 0.033267 0.148668 0.700072
2 0.370009 0.270672 0.037103 0.146252 0.620694
26 0.840852 0.284551 0.022490 0.063346 0.620393
2 0.163368 0.263099 0.100091 0.112978 0.433434
0 0.294960 0.257401 0.017579 0.085661 0.422558
0 0.456432 0.240815 0.047217 0.098297 0.274601
