2 0.281827 0.745399 0.175415 0.170419 0.900720
2 0.387157 0.729483 0.103334 0.162474 0.843888
2 0.938575 0.741443 0.121782 0.306879 0.843572
2 0.789672 0.719758 0.154584 0.207234 0.822564
2 0.656048 0.707823 0.049882 0.063130 0.784164
2 0.109567 0.746323 0.219024 0.221106 0.750733
2 0.518682 0.717574 0.035745 0.044472 0.565350
0 0.474212 0.706677 0.016151 0.079662 0.520957
0 0.477452 0.706078 0.020724 0.078891 0.334090
2 0.621141 0.714261 0.023084 0.039655 0.259664
2 0.579884 0.711677 0.022648 0.035857 0.258349
