2 0.854224 0.653489 0.290599 0.474309 0.910677
2 0.087023 0.554840 0.064884 0.052348 0.723399
2 0.457379 0.554341 0.033679 0.039361 0.568695
2 0.179731 0.544265 0.049085 0.042550 0.549078
2 0.228523 0.551091 0.045835 0.051553 0.548947
2 0.398222 0.551847 0.039662 0.052173 0.529387
2 0.759146 0.568027 0.079752 0.126419 0.520864
2 0.008013 0.553319 0.015965 0.044646 0.515980
2 0.585784 0.557927 0.048814 0.051124 0.504983
2 0.578430 0.558566 0.037014 0.047444 0.416253
2 0.284886 0.538770 0.032958 0.046792 0.412939
2 0.312829 0.544185 0.027769 0.028521 0.409997
2 0.546963 0.548050 0.025420 0.030902 0.344259
2 0.601204 0.552487 0.024013 0.040878 0.295297
2 0.549210 0.549367 0.030344 0.038362 0.270923
