2 0.514263 0.468318 0.107417 0.164931 0.881688
9 0.601392 0.144789 0.016867 0.069554 0.798283
2 0.934182 0.407987 0.130127 0.153258 0.759442
9 0.487919 0.099798 0.041752 0.093445 0.741522
2 0.222789 0.422410 0.042686 0.049029 0.738138
2 0.133262 0.427304 0.076178 0.065150 0.718564
2 0.274874 0.420019 0.049882 0.037505 0.665730
9 0.657527 0.158551 0.015359 0.070048 0.659783
2 0.183184 0.422744 0.047106 0.053287 0.634401
2 0.841901 0.426217 0.089756 0.086362 0.630137
2 0.316671 0.414264 0.032458 0.038277 0.627595
2 0.659774 0.423749 0.034974 0.036102 0.537804
2 0.785830 0.422647 0.061559 0.067517 0.485096
2 0.686460 0.421505 0.031969 0.037895 0.447640
2 0.794423 0.423944 0.060784 0.076891 0.421083
2 0.243354 0.416596 0.030288 0.042858 0.389195
2 0.501068 0.873540 0.989630 0.220262 0.358549
2 0.567278 0.421829 0.017585 0.037088 0.348911
2 0.627318 0.422211 0.036255 0.039240 0.347863
2 0.597081 0.414472 0.018503 0.033935 0.326308
2 0.826880 0.426854 0.059621 0.086123 0.305678
9 0.176581 0.162183 0.015891 0.063940 0.285847
2 0.750944 0.419177 0.109607 0.062517 0.272002
