2 0.733633 0.500877 0.235013 0.131071 0.884610
2 0.099119 0.562642 0.198238 0.199537 0.877317
2 0.949906 0.565781 0.099328 0.143950 0.783954
2 0.232647 0.524278 0.094287 0.106677 0.773044
2 0.500675 0.489010 0.060199 0.072859 0.679308
2 0.024726 0.634721 0.049032 0.199432 0.585820
2 0.410951 0.483018 0.041080 0.051320 0.574726
2 0.460217 0.481403 0.039090 0.055105 0.563738
2 0.573181 0.490149 0.093393 0.063245 0.553608
2 0.557280 0.490073 0.065288 0.061305 0.512168
2 0.596151 0.493671 0.054268 0.067951 0.497639
2 0.483271 0.897639 0.960491 0.175833 0.451541
2 0.302993 0.494424 0.045191 0.062255 0.433849
2 0.293481 0.494131 0.062065 0.066437 0.415255
2 0.336828 0.491113 0.026474 0.036429 0.370792
2 0.426208 0.477706 0.017501 0.038908 0.301720
2 0.983187 0.572240 0.032866 0.117095 0.287583
