2 0.520097 0.663624 0.182007 0.214343 0.894047
2 0.069721 0.562571 0.095615 0.117658 0.760488
2 0.421972 0.576355 0.065503 0.083048 0.752212
2 0.021250 0.574640 0.042121 0.152934 0.597245
2 0.316658 0.535790 0.042752 0.066930 0.524598
2 0.371587 0.550921 0.027040 0.038851 0.501164
2 0.211943 0.536410 0.039633 0.047310 0.419553
2 0.256918 0.542591 0.030714 0.039033 0.378943
7 0.316290 0.535135 0.043740 0.065983 0.323630
2 0.396273 0.547634 0.020439 0.036684 0.306774
2 0.221241 0.534209 0.058235 0.052513 0.277875
