2 0.207396 0.599853 0.316760 0.375348 0.895020
2 0.567223 0.524276 0.148990 0.172395 0.865445
2 0.386640 0.533543 0.128994 0.185197 0.854829
2 0.745918 0.530582 0.140280 0.146796 0.791318
2 0.094848 0.726328 0.189696 0.525236 0.635475
2 0.468784 0.501702 0.041436 0.092050 0.501041
2 0.460338 0.508417 0.035191 0.111109 0.351358
7 0.643462 0.487282 0.105318 0.185250 0.340956
2 0.642963 0.488577 0.106552 0.189024 0.334152
2 0.454078 0.509033 0.028460 0.112320 0.311595
2 0.440958 0.508265 0.057100 0.121624 0.301493
