2 0.049581 0.713920 0.098671 0.330923 0.883171
2 0.556929 0.660830 0.124512 0.196495 0.881669
2 0.264690 0.613188 0.065627 0.081482 0.835858
2 0.375121 0.615352 0.057735 0.067959 0.732987
2 0.491113 0.611718 0.040781 0.068299 0.721820
9 0.172928 0.258653 0.021314 0.074187 0.598144
9 0.206734 0.259305 0.026102 0.080827 0.589274
2 0.426002 0.606842 0.027695 0.034999 0.536680
2 0.405829 0.606939 0.021674 0.047522 0.443411
2 0.330013 0.610055 0.037667 0.060077 0.433297
2 0.305087 0.608698 0.022367 0.047685 0.404069
2 0.466114 0.601085 0.014821 0.045536 0.343527
9 0.199469 0.259050 0.030008 0.082491 0.330180
9 0.541310 0.369356 0.025133 0.049567 0.329593
9 0.536393 0.369678 0.028115 0.049299 0.294049
2 0.430672 0.606244 0.024587 0.034104 0.291620
