2 0.811466 0.713223 0.375614 0.350006 0.931511
2 0.378629 0.683262 0.189635 0.278994 0.929315
2 0.606338 0.649047 0.168103 0.199935 0.917920
7 0.153892 0.560347 0.159274 0.308524 0.885298
2 0.286425 0.603149 0.085167 0.140778 0.837936
2 0.019781 0.634871 0.039092 0.215816 0.831759
2 0.041366 0.607310 0.046550 0.115675 0.825739
2 0.476974 0.614453 0.048525 0.091311 0.777456
2 0.065122 0.598016 0.033426 0.086720 0.746176
2 0.535062 0.618068 0.069794 0.145901 0.701969
7 0.373180 0.496839 0.078328 0.111487 0.635612
2 0.240226 0.578530 0.023296 0.035935 0.565230
2 0.990720 0.907902 0.017819 0.177128 0.476732
7 0.024484 0.506770 0.048362 0.098092 0.263491
7 0.313757 0.522006 0.041175 0.057356 0.251937
