2 0.239488 0.586652 0.086999 0.083284 0.786097
2 0.467031 0.590908 0.076304 0.105049 0.777076
2 0.395259 0.573690 0.031152 0.036734 0.634970
2 0.615274 0.584679 0.056012 0.075397 0.555093
2 0.567487 0.583097 0.055566 0.075147 0.488568
2 0.293707 0.582945 0.039150 0.060361 0.410681
2 0.301581 0.582018 0.054110 0.060874 0.375225
2 0.368018 0.577300 0.026482 0.036017 0.352897
2 0.510019 0.553759 0.027514 0.050343 0.307709
2 0.345662 0.581683 0.024088 0.042736 0.301809
2 0.324820 0.580544 0.049780 0.059197 0.300378
2 0.424831 0.564138 0.031125 0.034866 0.298047
2 0.530403 0.566493 0.022981 0.047181 0.282392
2 0.363364 0.579608 0.028852 0.038962 0.264772
2 0.965640 0.705877 0.068263 0.252907 0.251693
