2 0.452725 0.700023 0.296423 0.400600 0.931608
2 0.879641 0.615674 0.239350 0.319203 0.797311
2 0.594882 0.521228 0.057022 0.066797 0.707251
9 0.259285 0.221358 0.019318 0.067690 0.683491
9 0.241626 0.219942 0.015008 0.068616 0.662828
0 0.097070 0.544455 0.018916 0.078311 0.632945
2 0.655928 0.519127 0.083418 0.061837 0.592225
2 0.016039 0.564289 0.031947 0.063393 0.482819
2 0.316483 0.537022 0.042226 0.058725 0.471550
2 0.345859 0.537777 0.075743 0.079857 0.434496
2 0.761445 0.514631 0.035929 0.052591 0.380051
2 0.721052 0.516052 0.039326 0.045408 0.372811
9 0.255460 0.221304 0.027757 0.068425 0.291250
2 0.368559 0.536291 0.117585 0.084819 0.259484
