2 0.574512 0.648205 0.118010 0.144961 0.878730
2 0.249023 0.666103 0.122822 0.153296 0.843831
2 0.659648 0.632850 0.071263 0.086913 0.758711
2 0.405869 0.613605 0.032413 0.042013 0.735817
9 0.414156 0.389279 0.011653 0.060175 0.712072
9 0.264420 0.475926 0.014578 0.064225 0.691711
9 0.645009 0.334080 0.018535 0.083626 0.665168
2 0.444528 0.615482 0.031440 0.034880 0.637150
2 0.162753 0.635537 0.056011 0.065735 0.629095
7 0.069644 0.617123 0.137895 0.166037 0.621663
2 0.346720 0.626681 0.042976 0.058484 0.560966
9 0.751682 0.501870 0.013573 0.051350 0.401629
2 0.505514 0.611743 0.027811 0.042907 0.374405
9 0.627805 0.350088 0.014035 0.053505 0.345384
9 0.640043 0.334457 0.022598 0.084846 0.264240
