2 0.610924 0.228783 0.097836 0.097755 0.865799
2 0.710734 0.258894 0.160796 0.143373 0.865732
2 0.897594 0.293054 0.204491 0.283638 0.855250
2 0.154590 0.188921 0.071775 0.097814 0.734372
2 0.316507 0.196666 0.066350 0.089701 0.709189
2 0.037136 0.204014 0.074161 0.218619 0.699326
5 0.443920 0.141398 0.102782 0.200794 0.611194
2 0.242558 0.183467 0.039432 0.051298 0.483530
2 0.271291 0.187459 0.024507 0.046294 0.444712
2 0.099593 0.197232 0.105823 0.113737 0.429777
2 0.109929 0.210074 0.087139 0.093017 0.349608
