2 0.884697 0.676950 0.229728 0.397679 0.915086
2 0.191112 0.529697 0.053111 0.053081 0.838336
2 0.253018 0.534119 0.049532 0.053957 0.731682
9 0.454344 0.342399 0.013498 0.060358 0.712316
2 0.340436 0.532909 0.047392 0.056660 0.708114
7 0.503348 0.626290 0.278483 0.437726 0.695260
9 0.180216 0.328128 0.013475 0.057998 0.693667
2 0.285818 0.529329 0.032643 0.047971 0.655937
2 0.681825 0.534459 0.027089 0.034897 0.572927
9 0.979442 0.415425 0.029139 0.096997 0.558218
2 0.314075 0.509986 0.025919 0.043963 0.294949
