2 0.827207 0.498389 0.107391 0.084912 0.878780
2 0.363117 0.465936 0.042242 0.059285 0.862987
2 0.438845 0.489401 0.071977 0.102668 0.829655
2 0.754944 0.486948 0.066363 0.061867 0.576809
2 0.577012 0.468612 0.025415 0.034330 0.575106
2 0.767404 0.487398 0.043130 0.059666 0.401812
7 0.056607 0.518843 0.113214 0.339691 0.399560
2 0.056767 0.524514 0.113378 0.321828 0.366026
2 0.547110 0.467820 0.020393 0.027968 0.322395
2 0.523056 0.464644 0.024795 0.027190 0.312954
2 0.395396 0.457544 0.021823 0.033629 0.262549
