2 0.905854 0.614290 0.162572 0.132948 0.882421
2 0.207844 0.616582 0.084000 0.087767 0.873171
2 0.105081 0.628181 0.157475 0.133195 0.864679
2 0.784747 0.590236 0.100115 0.117031 0.797558
2 0.568756 0.584847 0.037142 0.056509 0.792278
2 0.438307 0.592071 0.045459 0.059733 0.779850
2 0.348781 0.609434 0.102053 0.120771 0.684958
2 0.700472 0.581748 0.068672 0.078253 0.520774
9 0.139664 0.273927 0.021563 0.064150 0.503344
2 0.514509 0.584245 0.028085 0.033089 0.417020
2 0.753809 0.591599 0.040228 0.098514 0.356932
2 0.652830 0.579741 0.043004 0.051110 0.352731
2 0.656701 0.581227 0.062476 0.053476 0.333841
2 0.642722 0.578911 0.037581 0.050165 0.290115
2 0.608587 0.577177 0.016513 0.031321 0.289137
2 0.665842 0.580433 0.058945 0.063855 0.285397
2 0.617316 0.580322 0.020410 0.033512 0.257681
2 0.495768 0.574278 0.016898 0.029432 0.251570
