2 0.259116 0.428660 0.121624 0.125342 0.857145
2 0.132735 0.492861 0.204060 0.180731 0.854938
2 0.041445 0.530840 0.082752 0.208384 0.735238
2 0.334110 0.412927 0.063892 0.091102 0.705639
2 0.418973 0.381660 0.040349 0.054779 0.683683
2 0.448514 0.370078 0.032376 0.048396 0.653565
0 0.934154 0.395625 0.026281 0.124439 0.643641
0 0.803350 0.380411 0.013858 0.079822 0.552303
0 0.914387 0.394249 0.022507 0.118786 0.536730
0 0.782235 0.383430 0.019368 0.081654 0.518056
2 0.373518 0.386240 0.054192 0.059578 0.269997
2 0.554064 0.353361 0.025704 0.037114 0.266421
