7 0.933309 0.228416 0.132833 0.232252 0.859298
2 0.196972 0.473301 0.393944 0.413398 0.759306
2 0.622824 0.323908 0.064384 0.101343 0.730502
2 0.782188 0.287756 0.025725 0.039100 0.548507
2 0.744709 0.293335 0.025378 0.039041 0.443012
2 0.590215 0.348196 0.046283 0.076779 0.442476
2 0.657053 0.317688 0.030547 0.064031 0.429614
2 0.435790 0.364096 0.200322 0.221824 0.409923
2 0.659326 0.322513 0.027960 0.051577 0.391406
2 0.680182 0.313046 0.019872 0.050107 0.360159
2 0.830072 0.260859 0.052325 0.092181 0.337936
2 0.499552 0.804131 0.999105 0.367539 0.335441
2 0.545241 0.358755 0.054935 0.107815 0.293777
7 0.436383 0.355941 0.199404 0.244614 0.284620
2 0.720262 0.294306 0.029735 0.039848 0.275818
2 0.760685 0.290780 0.020753 0.035214 0.257077
