2 0.619121 0.426552 0.109470 0.136208 0.847528
2 0.978505 0.404554 0.042325 0.144365 0.794740
2 0.022691 0.398710 0.045383 0.096026 0.553928
2 0.557541 0.394447 0.061380 0.113752 0.526318
2 0.048497 0.387285 0.096993 0.089013 0.477935
2 0.105900 0.388718 0.102084 0.085401 0.362419
2 0.200818 0.405772 0.048726 0.049233 0.348943
2 0.214250 0.406485 0.075013 0.050671 0.328045
2 0.136884 0.395568 0.048314 0.059765 0.321087
2 0.317991 0.385211 0.030372 0.043782 0.306021
2 0.502399 0.811286 0.991805 0.352468 0.291525
2 0.435117 0.383419 0.031738 0.034562 0.267710
2 0.287802 0.388475 0.042833 0.041058 0.261616
2 0.124961 0.386480 0.066543 0.080067 0.260181
