2 0.588677 0.506977 0.084849 0.093329 0.802975
7 0.456466 0.484619 0.154486 0.170126 0.802453
2 0.769782 0.507394 0.142260 0.122122 0.731652
2 0.346440 0.535447 0.090096 0.084461 0.641339
2 0.650785 0.494883 0.051650 0.062190 0.640965
2 0.728293 0.501598 0.057632 0.108736 0.634202
0 0.768746 0.486558 0.049338 0.261791 0.626308
2 0.288919 0.541478 0.071805 0.073596 0.608494
2 0.024459 0.625247 0.048648 0.272549 0.531573
7 0.658900 0.463227 0.065990 0.084081 0.505627
7 0.024898 0.622040 0.049795 0.281331 0.250445
