2 0.628768 0.750244 0.346047 0.471067 0.890942
2 0.194249 0.553395 0.176451 0.107051 0.865117
2 0.876973 0.643805 0.232087 0.223094 0.839416
2 0.714067 0.572609 0.080033 0.132323 0.803464
2 0.074462 0.570400 0.085293 0.065492 0.675348
2 0.018899 0.571997 0.037705 0.107002 0.659435
2 0.287620 0.545965 0.054713 0.063566 0.631192
9 0.563160 0.292333 0.020566 0.050242 0.562934
2 0.624670 0.500862 0.054151 0.032825 0.554886
2 0.366562 0.528456 0.039640 0.040172 0.519501
2 0.391714 0.523000 0.029305 0.033924 0.411685
2 0.320707 0.531948 0.048656 0.046776 0.402537
2 0.520268 0.515556 0.022356 0.033853 0.395868
2 0.335455 0.531190 0.026573 0.045883 0.350821
2 0.524000 0.514231 0.026893 0.033629 0.338732
2 0.329519 0.530993 0.035407 0.046547 0.320645
2 0.341105 0.529979 0.035823 0.045244 0.307808
