2 0.810898 0.501108 0.318227 0.267387 0.931934
2 0.221864 0.446351 0.159426 0.139123 0.887038
2 0.443246 0.431347 0.137694 0.172500 0.837111
2 0.332487 0.414832 0.090245 0.110137 0.824286
2 0.545580 0.380336 0.047952 0.070885 0.778397
2 0.574355 0.366013 0.021352 0.037348 0.589175
1 0.071100 0.461422 0.043217 0.110459 0.539977
0 0.017405 0.454022 0.027117 0.172648 0.521916
2 0.558292 0.883681 0.878450 0.212063 0.399033
1 0.079569 0.461966 0.061550 0.106611 0.325973
1 0.062476 0.467849 0.027965 0.103166 0.296307
1 0.101372 0.467919 0.025413 0.078379 0.273922
1 0.079179 0.460302 0.034029 0.102454 0.270517
2 0.512647 0.371864 0.023965 0.038438 0.256720
