5 0.683155 0.375337 0.187484 0.259312 0.934199
2 0.170099 0.563091 0.117108 0.103904 0.895876
2 0.249772 0.539029 0.074148 0.079982 0.819816
2 0.561098 0.470884 0.031594 0.067773 0.797435
0 0.795999 0.407983 0.020887 0.098006 0.625718
5 0.510233 0.494180 0.097661 0.181965 0.562638
2 0.510194 0.494051 0.098513 0.182646 0.504672
2 0.397510 0.487068 0.017643 0.027515 0.438587
0 0.784324 0.405572 0.014167 0.085641 0.389916
2 0.382470 0.487968 0.017158 0.031416 0.386814
0 0.791568 0.405574 0.025673 0.096734 0.374296
