2 0.670073 0.609297 0.125226 0.134286 0.821593
2 0.594942 0.591448 0.074553 0.103262 0.690835
7 0.064263 0.594587 0.126405 0.112433 0.608909
2 0.553908 0.582720 0.036698 0.072857 0.546069
2 0.191599 0.597286 0.034104 0.054381 0.494868
0 0.531185 0.591099 0.022413 0.096146 0.369065
2 0.152333 0.595423 0.056426 0.076693 0.342279
2 0.061350 0.593802 0.121341 0.118278 0.316855
2 0.392345 0.581334 0.018370 0.022010 0.284103
2 0.383402 0.579334 0.026217 0.025689 0.283458
2 0.169624 0.594674 0.071938 0.072218 0.259933
