2 0.597286 0.590689 0.074393 0.095366 0.886056
2 0.148378 0.613683 0.117207 0.151886 0.873120
2 0.051388 0.610468 0.102080 0.230195 0.864753
2 0.247364 0.591218 0.088671 0.095400 0.858656
2 0.744942 0.612379 0.200647 0.265174 0.848244
2 0.864337 0.708257 0.270708 0.403862 0.830133
2 0.349200 0.565730 0.052978 0.068377 0.799316
2 0.569007 0.565528 0.051896 0.081636 0.697093
2 0.382056 0.561014 0.027538 0.045856 0.680381
2 0.404519 0.556745 0.023349 0.036166 0.661524
2 0.530516 0.561697 0.021399 0.050101 0.636444
2 0.304090 0.579504 0.037549 0.071827 0.612795
2 0.421371 0.553785 0.018067 0.033281 0.499332
2 0.545943 0.563130 0.019517 0.053151 0.415818
2 0.308918 0.578046 0.029236 0.066854 0.385277
2 0.433704 0.550926 0.019450 0.030462 0.366690
2 0.516841 0.554426 0.018475 0.040790 0.346171
2 0.453644 0.538731 0.017693 0.022585 0.343675
2 0.628526 0.552193 0.052470 0.050893 0.312990
2 0.426613 0.550385 0.020470 0.030247 0.312384
2 0.507334 0.549364 0.018240 0.037638 0.275606
