2 0.214315 0.591088 0.427426 0.541593 0.957568
9 0.704491 0.194755 0.023336 0.083129 0.744384
9 0.735306 0.193009 0.024500 0.086246 0.714393
2 0.773698 0.534754 0.078770 0.060149 0.690265
9 0.020878 0.395416 0.016564 0.059087 0.676397
2 0.408849 0.914660 0.816621 0.151794 0.632215
9 0.452490 0.317036 0.011235 0.049077 0.573340
2 0.929177 0.549972 0.060048 0.060193 0.551798
2 0.655447 0.521775 0.056378 0.041061 0.527889
2 0.861881 0.536194 0.048560 0.041560 0.505154
2 0.541162 0.520363 0.034825 0.028685 0.501415
9 0.680580 0.451040 0.010546 0.026005 0.468518
2 0.696986 0.533613 0.058518 0.042574 0.437978
9 0.367731 0.322250 0.023146 0.061325 0.427325
9 0.369232 0.317927 0.016299 0.046689 0.397946
2 0.609723 0.517414 0.036821 0.036994 0.335211
2 0.899550 0.536311 0.041525 0.033582 0.316952
2 0.569586 0.520021 0.027809 0.023807 0.270230
