2 0.426851 0.345827 0.118838 0.172880 0.902978
2 0.946902 0.343850 0.105203 0.189249 0.898855
2 0.607389 0.330434 0.104925 0.127704 0.891763
2 0.694289 0.317094 0.069556 0.089575 0.845179
2 0.796371 0.312462 0.165613 0.160149 0.795800
2 0.273243 0.323672 0.056181 0.068009 0.752790
2 0.514839 0.303340 0.031769 0.048329 0.724587
2 0.484236 0.309754 0.041605 0.095831 0.718691
2 0.343302 0.321559 0.084461 0.143642 0.698452
3 0.853977 0.332891 0.120107 0.145501 0.642738
2 0.538383 0.296113 0.019271 0.035946 0.509036
2 0.557112 0.296110 0.020113 0.043816 0.452109
9 0.357647 0.219960 0.009301 0.031354 0.445599
2 0.430958 0.241947 0.047114 0.044998 0.322901
9 0.731248 0.202558 0.020706 0.036721 0.288537
2 0.013039 0.314646 0.025756 0.046155 0.288218
2 0.500407 0.817576 0.996617 0.289920 0.273992
