7 0.324804 0.221784 0.259427 0.439702 0.950824
2 0.493949 0.302345 0.051585 0.067307 0.848460
2 0.073966 0.355462 0.066336 0.087794 0.757247
7 0.571419 0.275246 0.030868 0.066886 0.721470
2 0.158350 0.340904 0.140370 0.144268 0.677370
2 0.523245 0.284111 0.031155 0.053823 0.530183
2 0.087222 0.296877 0.065717 0.046654 0.511685
2 0.027784 0.338779 0.055393 0.065744 0.406722
2 0.601521 0.279617 0.021675 0.027674 0.393450
2 0.037793 0.329932 0.063871 0.058510 0.324053
2 0.500181 0.803179 0.994611 0.365053 0.303061
2 0.038867 0.321313 0.063164 0.047685 0.261804
