2 0.179778 0.462405 0.116758 0.147173 0.907951
2 0.478174 0.442632 0.079973 0.100321 0.893945
2 0.363450 0.481631 0.149339 0.197853 0.887259
2 0.062110 0.461599 0.123796 0.126497 0.846945
9 0.216227 0.261232 0.014459 0.051862 0.682611
0 0.623776 0.421959 0.017841 0.079062 0.671102
7 0.443264 0.407156 0.052345 0.093200 0.668507
5 0.855827 0.388456 0.287202 0.385411 0.633382
0 0.707001 0.425075 0.017751 0.091398 0.612201
0 0.675906 0.426607 0.017053 0.082019 0.595897
0 0.556042 0.421724 0.017833 0.102982 0.595742
0 0.598941 0.406097 0.013540 0.077946 0.395146
2 0.314274 0.436966 0.062859 0.113310 0.325528
2 0.303561 0.435047 0.044344 0.105540 0.306268
9 0.450213 0.208843 0.015811 0.051138 0.303655
0 0.581900 0.424128 0.012918 0.064387 0.295806
0 0.510526 0.413576 0.017034 0.056105 0.266108
9 0.533852 0.342596 0.009088 0.031837 0.255380
