2 0.116726 0.312777 0.168128 0.108241 0.865886
2 0.378067 0.300317 0.076204 0.088001 0.865764
2 0.953229 0.244884 0.091889 0.109434 0.832954
0 0.748845 0.317344 0.038238 0.191569 0.817281
0 0.281830 0.304127 0.015443 0.069967 0.728715
2 0.428502 0.281621 0.036619 0.054053 0.719499
9 0.536409 0.061071 0.017898 0.049353 0.622521
0 0.695741 0.272095 0.012507 0.080541 0.571907
0 0.243172 0.304225 0.017814 0.078591 0.562955
0 0.706433 0.273955 0.014130 0.076898 0.514822
2 0.546130 0.281265 0.023376 0.032249 0.488138
0 0.643068 0.282094 0.013522 0.069381 0.410816
0 0.207537 0.307859 0.011547 0.071345 0.383258
9 0.692873 0.192502 0.012097 0.025787 0.349805
0 0.215530 0.308718 0.013033 0.069585 0.343612
0 0.212009 0.307123 0.012740 0.072149 0.334208
0 0.255962 0.305097 0.012012 0.071859 0.303586
2 0.459128 0.264423 0.016868 0.015109 0.289266
2 0.515107 0.273135 0.017403 0.029652 0.276461
2 0.542046 0.279731 0.031826 0.035457 0.253478
