2 0.386609 0.506598 0.141815 0.192273 0.908567
2 0.566717 0.521406 0.172729 0.298105 0.899104
0 0.837874 0.477150 0.042511 0.188059 0.867140
2 0.873889 0.454363 0.163313 0.084445 0.799977
2 0.496732 0.868923 0.987977 0.238855 0.766503
7 0.267130 0.453436 0.134551 0.158177 0.742928
0 0.083015 0.458994 0.026413 0.115941 0.716411
0 0.047833 0.448729 0.028756 0.131541 0.666841
9 0.586736 0.183607 0.016292 0.052674 0.506353
9 0.603916 0.183281 0.020005 0.053743 0.335075
9 0.599460 0.183077 0.014875 0.053774 0.318347
2 0.339942 0.430132 0.027164 0.040120 0.299675
