2 0.761411 0.619648 0.175027 0.140010 0.907988
7 0.205967 0.566084 0.089263 0.105406 0.841702
2 0.313216 0.570255 0.038410 0.051483 0.832052
2 0.053315 0.603498 0.103749 0.096579 0.817482
2 0.591963 0.578592 0.072946 0.092152 0.803424
0 0.859120 0.573497 0.023068 0.106010 0.773173
2 0.551754 0.581024 0.030104 0.064181 0.764836
2 0.479203 0.565596 0.026346 0.034592 0.709479
0 0.646920 0.567503 0.015843 0.072385 0.635085
7 0.110931 0.577164 0.077005 0.111478 0.597219
2 0.532160 0.558436 0.045839 0.092640 0.445893
2 0.357120 0.556324 0.018945 0.027283 0.401173
2 0.430968 0.558563 0.020337 0.016967 0.356242
2 0.334872 0.551379 0.025301 0.036960 0.352098
2 0.155101 0.588337 0.019852 0.062997 0.350519
2 0.395788 0.558631 0.018365 0.020193 0.275617
