2 0.062987 0.530561 0.125525 0.186326 0.881238
2 0.123592 0.505079 0.065638 0.072939 0.873423
2 0.967582 0.550117 0.063886 0.129246 0.836969
9 0.030058 0.199995 0.021511 0.069975 0.805598
2 0.913696 0.529182 0.115735 0.087370 0.791307
2 0.286819 0.490155 0.025848 0.037436 0.788120
9 0.041023 0.298310 0.016710 0.070784 0.717676
2 0.760877 0.527112 0.073363 0.066332 0.701276
2 0.193721 0.490816 0.019201 0.025484 0.699233
2 0.314672 0.494036 0.045959 0.050888 0.688895
2 0.675917 0.507064 0.052527 0.039660 0.665272
2 0.422319 0.513437 0.059098 0.099470 0.654772
2 0.610313 0.509711 0.026700 0.032222 0.635943
7 0.227524 0.484673 0.043046 0.055823 0.588469
9 0.392139 0.357556 0.009931 0.029320 0.553628
9 0.035743 0.382356 0.014485 0.046648 0.516680
9 0.831824 0.380449 0.012764 0.046106 0.481377
2 0.569889 0.502466 0.019832 0.025906 0.449236
2 0.727372 0.502652 0.062682 0.033959 0.391335
9 0.344465 0.415320 0.007811 0.025584 0.304889
9 0.353128 0.382412 0.008670 0.023597 0.278628
