2 0.089717 0.467378 0.179041 0.178468 0.863537
2 0.176992 0.461228 0.156338 0.161248 0.859226
2 0.051870 0.519819 0.103590 0.142188 0.854639
2 0.339871 0.446022 0.091069 0.101278 0.838108
2 0.244606 0.439504 0.119391 0.130375 0.661305
2 0.794627 0.490227 0.143107 0.233260 0.649509
7 0.722072 0.433969 0.286498 0.240940 0.636182
2 0.502355 0.908875 0.988595 0.154177 0.502614
5 0.927094 0.456908 0.144724 0.440369 0.422550
2 0.263792 0.439112 0.081457 0.128999 0.313389
2 0.277155 0.441167 0.055378 0.126841 0.277990
