2 0.907749 0.710951 0.183949 0.364911 0.943973
2 0.121326 0.696793 0.241593 0.359304 0.936730
2 0.259322 0.618633 0.159864 0.175380 0.918378
2 0.900791 0.554472 0.119618 0.079349 0.799172
2 0.419936 0.551707 0.042435 0.054310 0.784415
2 0.501588 0.542924 0.044877 0.070876 0.772240
9 0.542613 0.259230 0.016067 0.058201 0.766090
9 0.468602 0.328336 0.013067 0.043331 0.754447
2 0.587447 0.545383 0.050824 0.068729 0.745532
2 0.538532 0.543464 0.024549 0.034008 0.649832
9 0.524494 0.257035 0.013246 0.057721 0.537856
2 0.451566 0.544767 0.013938 0.029535 0.380595
2 0.457627 0.543573 0.018420 0.029117 0.270480
