2 0.226418 0.646941 0.035136 0.035924 0.827680
9 0.628456 0.043077 0.044215 0.084715 0.824858
2 0.179612 0.643620 0.040049 0.048276 0.809949
0 0.861488 0.780979 0.060476 0.202555 0.746978
9 0.421654 0.414392 0.015244 0.069291 0.670062
2 0.072428 0.621058 0.144095 0.396648 0.484012
2 0.577745 0.691812 0.044991 0.050311 0.481271
2 0.285258 0.645315 0.035096 0.043154 0.447173
9 0.692255 0.451471 0.020873 0.082944 0.440885
7 0.072518 0.621288 0.143697 0.396920 0.419016
5 0.587226 0.758999 0.733269 0.469015 0.392404
2 0.291169 0.643806 0.022650 0.041333 0.369004
9 0.074326 0.398650 0.015355 0.059022 0.327077
9 0.321618 0.554823 0.010491 0.042721 0.283812
