2 0.747788 0.408546 0.354125 0.347247 0.937064
2 0.052560 0.424264 0.105063 0.115171 0.888103
2 0.460507 0.354182 0.069265 0.096530 0.858630
2 0.579590 0.352812 0.185860 0.254994 0.843075
2 0.356530 0.369364 0.057455 0.078920 0.824779
2 0.126619 0.409821 0.057717 0.073718 0.779497
2 0.209937 0.399477 0.112125 0.152602 0.756556
2 0.489220 0.810224 0.973484 0.345292 0.636326
2 0.263504 0.369892 0.032161 0.043515 0.584733
2 0.297732 0.365285 0.028328 0.033290 0.548262
5 0.144105 0.299779 0.286426 0.197675 0.479514
2 0.319209 0.359960 0.023789 0.032706 0.415846
2 0.432177 0.352876 0.027525 0.081348 0.352683
2 0.385574 0.338341 0.018876 0.028023 0.315805
2 0.303104 0.362656 0.027679 0.033297 0.302531
2 0.282873 0.369822 0.015833 0.037678 0.278205
