2 0.635553 0.496223 0.126781 0.171378 0.894946
2 0.426199 0.466578 0.146170 0.081695 0.860551
2 0.204407 0.486609 0.103421 0.151907 0.846726
7 0.077285 0.360176 0.153376 0.715292 0.800669
2 0.151813 0.496715 0.049471 0.189387 0.786819
2 0.265877 0.483934 0.040391 0.087029 0.756332
2 0.579562 0.461607 0.075389 0.123812 0.606678
2 0.578854 0.462027 0.052747 0.125079 0.443815
2 0.555652 0.459265 0.030037 0.103409 0.311354
2 0.569336 0.458089 0.060500 0.116036 0.297769
2 0.513184 0.868136 0.969809 0.233789 0.261860
