2 0.715635 0.454816 0.089461 0.098401 0.902184
2 0.257975 0.472118 0.101100 0.106069 0.853949
2 0.508330 0.425688 0.025616 0.037790 0.827289
2 0.329457 0.470351 0.054236 0.070208 0.743993
2 0.360630 0.458479 0.049974 0.063829 0.739527
2 0.533920 0.420504 0.015239 0.018757 0.654025
2 0.496269 0.868370 0.988926 0.239337 0.637423
2 0.650240 0.441173 0.030550 0.064429 0.634683
2 0.391484 0.449377 0.033200 0.056192 0.574854
2 0.670297 0.445742 0.029114 0.068057 0.541679
2 0.556863 0.416107 0.014236 0.021943 0.530369
2 0.621203 0.430802 0.024623 0.051549 0.511386
2 0.432201 0.438213 0.027223 0.041746 0.483026
2 0.440503 0.436644 0.022176 0.039327 0.476105
2 0.464935 0.435524 0.018229 0.030345 0.445253
2 0.640353 0.433101 0.033201 0.055844 0.432875
2 0.406640 0.446371 0.028228 0.050104 0.431665
2 0.627161 0.431693 0.029299 0.054367 0.431299
2 0.461369 0.435328 0.024376 0.032223 0.394041
2 0.487057 0.430050 0.019290 0.027089 0.370529
2 0.418699 0.442801 0.016353 0.046116 0.356129
2 0.617636 0.428536 0.021432 0.043738 0.341436
2 0.601657 0.428057 0.016731 0.036048 0.337016
2 0.662091 0.443089 0.043001 0.067824 0.328263
2 0.456155 0.436319 0.022691 0.033517 0.319264
2 0.401711 0.447452 0.024510 0.051239 0.310226
2 0.423564 0.442052 0.022605 0.044985 0.299239
2 0.584176 0.422568 0.017838 0.024912 0.297206
9 0.881275 0.295762 0.015278 0.035025 0.269593
9 0.070816 0.334614 0.031862 0.041798 0.268295
