2 0.653372 0.691172 0.206291 0.244201 0.912223
2 0.027935 0.648240 0.055531 0.184501 0.810064
0 0.812630 0.640258 0.019296 0.087994 0.736499
0 0.839568 0.650737 0.022196 0.113940 0.713048
5 0.345915 0.406664 0.435586 0.804461 0.674863
0 0.979493 0.708070 0.039288 0.111074 0.602389
0 0.774017 0.635951 0.017691 0.089965 0.547819
0 0.873290 0.655100 0.016642 0.102579 0.545348
0 0.131668 0.562227 0.018762 0.102483 0.536684
7 0.345432 0.406021 0.435068 0.800695 0.505000
0 0.047508 0.554083 0.023835 0.123346 0.471726
0 0.789447 0.634839 0.015077 0.085249 0.471182
0 0.740244 0.617576 0.015949 0.069271 0.406250
0 0.857207 0.644601 0.018217 0.114855 0.399083
0 0.065136 0.559871 0.020188 0.118413 0.396334
0 0.966257 0.656108 0.023274 0.109714 0.382129
0 0.722186 0.611642 0.018459 0.060446 0.381805
0 0.109292 0.559482 0.025837 0.117669 0.330617
0 0.086495 0.588869 0.025274 0.069729 0.268480
0 0.015951 0.517331 0.023201 0.081126 0.257732
