2 0.933302 0.580347 0.076325 0.055752 0.822805
9 0.339506 0.163256 0.035299 0.140069 0.817922
2 0.307609 0.565926 0.139288 0.083905 0.773784
2 0.416260 0.567259 0.123140 0.096703 0.721003
2 0.647000 0.565354 0.096232 0.075059 0.506557
2 0.665018 0.567443 0.131350 0.075025 0.451537
2 0.501173 0.923038 0.993198 0.137061 0.427496
9 0.090115 0.373278 0.012035 0.042250 0.415498
9 0.061999 0.373875 0.017109 0.087756 0.384317
2 0.564040 0.554880 0.076458 0.080262 0.332273
2 0.190039 0.530045 0.053559 0.057173 0.322190
5 0.190622 0.529956 0.054981 0.056693 0.260801
