2 0.772597 0.720669 0.281839 0.322381 0.873768
2 0.495392 0.639769 0.032179 0.050432 0.729026
2 0.629837 0.654328 0.044328 0.054760 0.701893
2 0.040652 0.620047 0.081305 0.067935 0.667421
2 0.550913 0.641712 0.043514 0.082668 0.576937
7 0.551319 0.642681 0.044307 0.083837 0.548271
2 0.103461 0.613037 0.050334 0.059164 0.434345
2 0.163691 0.615120 0.092612 0.077897 0.431901
2 0.311140 0.607839 0.047082 0.022813 0.392873
2 0.104302 0.604529 0.047975 0.044644 0.382300
2 0.248738 0.600694 0.075367 0.036302 0.318530
2 0.038321 0.631364 0.076568 0.093094 0.315592
2 0.577391 0.637813 0.017787 0.042051 0.306204
