2 0.398919 0.654534 0.192359 0.164589 0.905170
2 0.506821 0.649714 0.117720 0.135790 0.880086
2 0.868811 0.756048 0.261414 0.303461 0.852655
2 0.004895 0.540623 0.009638 0.024642 0.601390
5 0.728502 0.603757 0.103518 0.100282 0.586989
7 0.056208 0.555812 0.058043 0.095999 0.551321
2 0.187018 0.569303 0.023567 0.031562 0.518529
2 0.301518 0.578297 0.034952 0.035070 0.494707
9 0.352699 0.335319 0.010528 0.050173 0.430424
9 0.424186 0.321818 0.012470 0.057081 0.412818
2 0.171329 0.552545 0.025030 0.020712 0.380968
0 0.797427 0.628562 0.016204 0.093750 0.323976
5 0.832173 0.611505 0.151521 0.091368 0.312030
9 0.541239 0.448292 0.010787 0.037145 0.291587
2 0.206082 0.559186 0.021048 0.019482 0.290331
9 0.534259 0.397363 0.011346 0.035457 0.287721
2 0.346001 0.574780 0.021724 0.019422 0.272179
2 0.179659 0.568361 0.038193 0.034474 0.272140
0 0.741066 0.626935 0.017024 0.105874 0.270730
9 0.678931 0.512053 0.009505 0.044633 0.267962
2 0.175089 0.565492 0.035824 0.038604 0.260930
2 0.224782 0.563144 0.019054 0.022260 0.260179
2 0.271006 0.570704 0.031253 0.034082 0.251119
