2 0.394453 0.314914 0.070901 0.106271 0.891144
7 0.480055 0.243642 0.063549 0.163365 0.864820
2 0.160478 0.294750 0.054559 0.055140 0.793249
2 0.038164 0.313178 0.076329 0.090592 0.791969
0 0.245842 0.307310 0.018215 0.097126 0.660224
2 0.193177 0.282422 0.040573 0.047890 0.645951
0 0.276369 0.305661 0.019730 0.109251 0.639365
2 0.422867 0.249233 0.028989 0.053331 0.564905
7 0.703228 0.289706 0.277951 0.457855 0.537464
2 0.703057 0.288756 0.277607 0.460741 0.485678
2 0.221755 0.276603 0.031089 0.046659 0.485042
2 0.387927 0.242846 0.026337 0.032106 0.432196
2 0.390818 0.246606 0.033036 0.041610 0.427441
0 0.260140 0.300735 0.015899 0.079653 0.415757
