2 0.102119 0.604608 0.203419 0.274328 0.915714
2 0.728482 0.522694 0.127818 0.167233 0.907159
2 0.250817 0.544605 0.146511 0.161530 0.895783
2 0.906360 0.662983 0.186229 0.408669 0.889860
2 0.646131 0.501411 0.056702 0.072515 0.870023
0 0.797956 0.497358 0.024649 0.118443 0.769910
2 0.430754 0.500271 0.035077 0.066688 0.746303
7 0.608860 0.469171 0.041849 0.081305 0.696135
2 0.450492 0.487547 0.037472 0.058151 0.681166
2 0.375669 0.502409 0.085293 0.107580 0.532941
2 0.525142 0.484629 0.021513 0.023392 0.527930
2 0.498039 0.912721 0.988523 0.154112 0.473659
9 0.512838 0.386079 0.009160 0.026705 0.461134
2 0.562232 0.480079 0.023402 0.038018 0.460525
2 0.502020 0.484178 0.022699 0.027285 0.387655
2 0.480624 0.488479 0.015840 0.037773 0.361944
2 0.612718 0.488714 0.028497 0.044157 0.268356
2 0.498126 0.484381 0.022566 0.027962 0.266619
