2 0.641486 0.770725 0.200475 0.224507 0.944628
2 0.213845 0.708917 0.088042 0.114386 0.886311
2 0.501556 0.695478 0.061466 0.092116 0.833543
2 0.035673 0.732053 0.069722 0.113245 0.798561
2 0.788733 0.751259 0.171860 0.201129 0.794512
2 0.125243 0.714484 0.072500 0.060033 0.786859
2 0.919168 0.757020 0.160324 0.316190 0.737347
2 0.431236 0.705634 0.036040 0.122390 0.711146
9 0.782051 0.469320 0.023844 0.120487 0.693910
9 0.018411 0.418324 0.018009 0.056338 0.657112
9 0.342036 0.547752 0.020107 0.067033 0.501987
2 0.338869 0.727590 0.172917 0.302841 0.451779
7 0.339060 0.728661 0.172704 0.302913 0.396528
2 0.160406 0.692295 0.037448 0.054100 0.322217
9 0.466892 0.477969 0.020940 0.046236 0.261701
