2 0.427540 0.660917 0.167305 0.232277 0.901863
2 0.023679 0.596928 0.047273 0.103103 0.886712
2 0.760487 0.625043 0.060830 0.122387 0.850787
2 0.648580 0.646531 0.202459 0.253340 0.830609
2 0.923416 0.840342 0.151684 0.296614 0.820198
2 0.543593 0.608050 0.068166 0.121096 0.815831
2 0.233816 0.572246 0.037092 0.041510 0.721121
2 0.507574 0.579515 0.054145 0.103393 0.666592
2 0.781847 0.546652 0.067036 0.037994 0.639492
2 0.280485 0.565830 0.038443 0.038956 0.566627
2 0.845184 0.551507 0.067251 0.037316 0.555313
9 0.184561 0.388387 0.017272 0.046972 0.513562
9 0.483120 0.439393 0.012379 0.028524 0.513371
14 0.836255 0.070909 0.021603 0.041839 0.264943
