2 0.776489 0.483439 0.251544 0.224189 0.840145
2 0.939175 0.552575 0.121138 0.399225 0.834539
2 0.582673 0.407467 0.048103 0.059670 0.738204
2 0.627755 0.415813 0.048632 0.080190 0.721494
2 0.465528 0.418674 0.063334 0.087405 0.689214
2 0.863459 0.411128 0.153171 0.115985 0.565306
2 0.295497 0.389818 0.042699 0.043682 0.563595
2 0.657270 0.422957 0.056432 0.087470 0.527316
9 0.396227 0.234382 0.014076 0.048800 0.509561
0 0.140861 0.403570 0.021397 0.067021 0.479522
2 0.546719 0.400937 0.035011 0.037282 0.463479
2 0.365159 0.385488 0.028846 0.026334 0.375998
2 0.341075 0.387049 0.026827 0.028930 0.319231
2 0.266623 0.399614 0.038793 0.035918 0.301178
2 0.416550 0.379319 0.025016 0.031097 0.278680
2 0.290128 0.393513 0.033172 0.042190 0.259467
0 0.220627 0.394943 0.013807 0.044117 0.258387
