2 0.828591 0.530027 0.247860 0.281280 0.909554
11 0.692720 0.377461 0.023417 0.041133 0.834331
0 0.247653 0.498177 0.019334 0.087954 0.762531
2 0.352286 0.487954 0.085166 0.102790 0.760652
2 0.692859 0.513522 0.070108 0.129170 0.732775
0 0.226902 0.496584 0.016288 0.087790 0.730783
2 0.643022 0.490851 0.044823 0.081468 0.685064
2 0.093913 0.539261 0.187502 0.262840 0.665590
2 0.469887 0.468259 0.022070 0.033128 0.621193
2 0.445777 0.472127 0.030995 0.040149 0.596909
0 0.205281 0.487576 0.016665 0.091192 0.587975
2 0.600066 0.459985 0.033726 0.051836 0.524092
7 0.093928 0.539419 0.187262 0.261657 0.429980
2 0.494071 0.460025 0.019273 0.028961 0.404756
2 0.289314 0.463760 0.050418 0.066272 0.370149
2 0.459864 0.471213 0.020230 0.034043 0.314456
2 0.568175 0.444699 0.014138 0.024533 0.293521
2 0.521923 0.445771 0.014661 0.020702 0.263895
