0 0.173457 0.681392 0.111063 0.335150 0.921657
2 0.043068 0.646109 0.085794 0.149425 0.919696
2 0.430392 0.593374 0.072210 0.099696 0.869541
2 0.803760 0.592847 0.077935 0.098495 0.866931
0 0.337457 0.668465 0.068679 0.223174 0.849330
0 0.136081 0.603092 0.020688 0.105539 0.770044
5 0.660083 0.551655 0.056705 0.111325 0.761813
2 0.473598 0.583467 0.031840 0.064081 0.738278
7 0.527070 0.578713 0.074257 0.112340 0.697074
2 0.585869 0.572010 0.027597 0.043172 0.613385
2 0.759635 0.584009 0.033784 0.076583 0.584441
9 0.740864 0.257994 0.042760 0.093879 0.466485
9 0.287914 0.491986 0.010995 0.044528 0.454756
25 0.349803 0.553323 0.076464 0.043608 0.438336
2 0.750100 0.566574 0.052328 0.092835 0.432255
9 0.304063 0.120066 0.031246 0.102565 0.428011
2 0.392705 0.571285 0.023726 0.047804 0.427882
25 0.351013 0.565236 0.079405 0.066845 0.312815
2 0.616212 0.560010 0.016606 0.019988 0.285820
9 0.323281 0.123992 0.021157 0.103175 0.273807
