2 0.233500 0.755662 0.322038 0.360165 0.938408
2 0.750095 0.668323 0.231741 0.210255 0.923421
2 0.930353 0.597262 0.138398 0.136358 0.900566
2 0.949519 0.836025 0.099946 0.310700 0.831279
2 0.033519 0.620524 0.066601 0.103451 0.826295
2 0.471727 0.601982 0.064710 0.095191 0.737508
2 0.526937 0.613172 0.028038 0.046075 0.720726
2 0.069891 0.616031 0.051734 0.087565 0.719175
9 0.470621 0.410877 0.015187 0.065342 0.695388
2 0.578638 0.596157 0.079309 0.104745 0.663328
9 0.382431 0.412242 0.012654 0.054598 0.658840
2 0.413087 0.608808 0.051464 0.061122 0.626939
2 0.864194 0.596898 0.072213 0.070414 0.614137
2 0.355358 0.614985 0.065740 0.063621 0.495501
2 0.367386 0.615621 0.042066 0.063560 0.376261
0 0.639123 0.596960 0.011053 0.052141 0.311129
9 0.188877 0.513091 0.013498 0.024882 0.300148
0 0.107137 0.604259 0.025222 0.065589 0.289667
