2 0.639303 0.532083 0.190300 0.262833 0.916365
2 0.193816 0.485326 0.083380 0.081324 0.836756
2 0.326104 0.486566 0.074606 0.083515 0.808490
2 0.536434 0.497070 0.054865 0.107234 0.802028
2 0.505449 0.488929 0.025928 0.049798 0.765384
2 0.281483 0.485043 0.030769 0.041040 0.663264
2 0.130073 0.475626 0.052331 0.036814 0.645216
2 0.372256 0.481058 0.035820 0.047512 0.634046
2 0.088828 0.475180 0.040168 0.026280 0.562586
2 0.263707 0.472627 0.027395 0.023020 0.531159
2 0.497849 0.892218 0.991565 0.194772 0.379989
2 0.486473 0.475886 0.016872 0.019426 0.313162
