2 0.429510 0.566649 0.201261 0.260865 0.914698
2 0.841641 0.594819 0.315751 0.273871 0.908050
2 0.654550 0.541378 0.146488 0.146036 0.888546
2 0.035007 0.587990 0.069520 0.212497 0.887896
2 0.206630 0.508147 0.099136 0.151555 0.886104
2 0.099063 0.519751 0.198127 0.238882 0.872634
2 0.582961 0.525272 0.066224 0.108648 0.843643
2 0.268406 0.513427 0.056629 0.095664 0.827273
2 0.951139 0.707205 0.096814 0.265781 0.743395
2 0.544755 0.511825 0.056795 0.087576 0.707372
2 0.297562 0.504961 0.039632 0.075223 0.678559
2 0.499764 0.893137 0.996334 0.190800 0.484380
2 0.312804 0.499564 0.033510 0.062466 0.399001
2 0.326186 0.490830 0.028325 0.051455 0.345277
0 0.746874 0.476857 0.024994 0.061052 0.330330
2 0.317693 0.495176 0.034716 0.054439 0.275968
2 0.306063 0.503262 0.041988 0.069776 0.250669
