2 0.383671 0.784477 0.320313 0.414340 0.935655
2 0.203008 0.623574 0.118389 0.167969 0.924209
2 0.640193 0.683126 0.188589 0.164432 0.914504
2 0.071927 0.729932 0.143275 0.314626 0.914394
2 0.137421 0.594975 0.058659 0.092112 0.806103
2 0.519940 0.620776 0.082394 0.132071 0.640422
2 0.308623 0.594263 0.050700 0.078580 0.625273
2 0.265902 0.571624 0.041439 0.068446 0.575637
2 0.385526 0.569089 0.070967 0.031025 0.406587
2 0.087463 0.598880 0.055910 0.101189 0.344260
7 0.508288 0.585549 0.100627 0.189600 0.340615
7 0.507813 0.548634 0.101278 0.107262 0.324140
2 0.007022 0.573726 0.013822 0.031119 0.258143
2 0.029436 0.564239 0.032486 0.026827 0.254737
