7 0.292129 0.383999 0.092367 0.112290 0.824593
2 0.443567 0.402432 0.051748 0.069683 0.817973
2 0.537520 0.390219 0.041453 0.062730 0.794595
0 0.788540 0.405607 0.021576 0.086816 0.741109
2 0.406095 0.380971 0.021463 0.029934 0.711733
2 0.366027 0.399758 0.060065 0.081149 0.700533
2 0.471800 0.387454 0.026021 0.048066 0.696320
0 0.285864 0.424831 0.029299 0.090501 0.634765
9 0.872108 0.042776 0.021580 0.083621 0.589086
9 0.853220 0.045624 0.017896 0.081597 0.557721
2 0.795891 0.380234 0.061686 0.051546 0.510263
2 0.695594 0.361367 0.045679 0.027531 0.409004
9 0.950555 0.287368 0.022287 0.037691 0.385396
9 0.946979 0.288034 0.015539 0.036516 0.366557
2 0.633326 0.363246 0.019026 0.029399 0.316550
