2 0.899964 0.370538 0.199606 0.397511 0.946115
2 0.803110 0.293048 0.130239 0.208973 0.900290
2 0.166094 0.372528 0.094475 0.099618 0.879987
2 0.357054 0.331385 0.040449 0.069380 0.791336
2 0.549948 0.297886 0.031099 0.041094 0.788051
2 0.315007 0.342061 0.070912 0.097824 0.774506
2 0.391791 0.315142 0.029341 0.041965 0.765565
9 0.541235 0.049927 0.012332 0.052483 0.687936
2 0.219280 0.360467 0.026532 0.050162 0.550208
7 0.473841 0.310837 0.050277 0.079802 0.530907
2 0.499938 0.822456 0.995948 0.330020 0.508820
2 0.102632 0.361170 0.066284 0.047483 0.506002
2 0.473899 0.311247 0.050208 0.080413 0.496461
2 0.112285 0.361725 0.048568 0.046159 0.377113
2 0.052114 0.384621 0.023003 0.032492 0.350253
2 0.247205 0.357087 0.020411 0.039683 0.332617
2 0.239777 0.357208 0.031532 0.043512 0.287721
