2 0.652379 0.643857 0.186095 0.234060 0.914458
2 0.397787 0.577327 0.069228 0.061585 0.752717
10 0.194389 0.626313 0.034025 0.081409 0.746762
0 0.235888 0.552652 0.027226 0.113657 0.745203
2 0.792931 0.587266 0.056765 0.071175 0.647737
2 0.351621 0.576374 0.097624 0.060394 0.632145
0 0.096887 0.563940 0.031914 0.115332 0.609518
2 0.224805 0.565645 0.103685 0.063397 0.529258
2 0.257026 0.567368 0.031972 0.057301 0.524347
0 0.438311 0.576894 0.019162 0.087987 0.462999
0 0.166147 0.567644 0.015810 0.073858 0.368288
2 0.825970 0.578254 0.026431 0.046994 0.361623
62 0.901106 0.450505 0.049169 0.063275 0.318317
2 0.375145 0.579292 0.051817 0.053970 0.310503
2 0.738348 0.591119 0.026492 0.048781 0.302696
2 0.201824 0.564563 0.058448 0.060943 0.302237
