2 0.902713 0.467024 0.101415 0.067212 0.880824
2 0.564716 0.459262 0.110840 0.081657 0.850519
0 0.405707 0.451671 0.012781 0.058625 0.740208
9 0.754046 0.172154 0.016887 0.061870 0.721264
7 0.092273 0.431548 0.136545 0.095741 0.717549
5 0.515484 0.428168 0.068213 0.099288 0.709621
9 0.729732 0.173559 0.015196 0.065432 0.705486
9 0.833656 0.280441 0.017520 0.087990 0.667601
2 0.499832 0.870004 0.995449 0.228364 0.661399
2 0.656592 0.449872 0.025328 0.027126 0.518061
9 0.704976 0.175986 0.010859 0.050009 0.515667
0 0.067606 0.440323 0.019721 0.078497 0.381042
9 0.262213 0.350300 0.019104 0.028254 0.292588
9 0.716216 0.175064 0.014050 0.062218 0.287518
9 0.173467 0.369601 0.012823 0.064975 0.271284
