2 0.866279 0.577652 0.177309 0.086783 0.886415
2 0.777988 0.564822 0.111717 0.090377 0.816580
7 0.159683 0.550588 0.317883 0.312326 0.811719
2 0.447397 0.530120 0.046669 0.068163 0.779318
2 0.317074 0.522334 0.066428 0.055886 0.744446
2 0.973670 0.639640 0.051867 0.102574 0.729108
0 0.080811 0.469901 0.033622 0.060212 0.551426
2 0.703548 0.547177 0.057214 0.069881 0.443479
2 0.653592 0.535625 0.062073 0.057592 0.418615
2 0.487720 0.530057 0.042538 0.042937 0.398627
9 0.585242 0.212319 0.032763 0.023847 0.322450
