2 0.123264 0.544788 0.118845 0.133305 0.894443
2 0.035445 0.558363 0.070396 0.166286 0.879453
2 0.206648 0.527450 0.079473 0.111305 0.876054
2 0.323557 0.506013 0.046786 0.062032 0.832440
2 0.596447 0.512458 0.068582 0.091872 0.813362
2 0.359057 0.501468 0.033775 0.042275 0.724000
2 0.374697 0.490882 0.033499 0.051633 0.621358
2 0.542414 0.494396 0.030920 0.032897 0.617637
2 0.406578 0.488790 0.021398 0.035556 0.610489
0 0.887648 0.456901 0.025520 0.043961 0.547013
2 0.521225 0.485137 0.017756 0.023113 0.431733
2 0.397012 0.490088 0.018235 0.040280 0.407430
2 0.569311 0.503184 0.026981 0.066105 0.400128
2 0.257209 0.497481 0.042546 0.064957 0.398895
2 0.506392 0.480263 0.018680 0.021732 0.293353
