2 0.397854 0.651967 0.207938 0.335518 0.925462
2 0.527545 0.607003 0.076900 0.104923 0.895721
2 0.239253 0.634656 0.080894 0.099690 0.863405
2 0.583791 0.597517 0.056620 0.074332 0.856054
2 0.766789 0.613116 0.329291 0.348012 0.854583
2 0.123472 0.626828 0.057825 0.059416 0.810402
2 0.063011 0.627903 0.027553 0.022063 0.706273
0 0.357763 0.555866 0.034727 0.056833 0.658514
2 0.296580 0.612380 0.032170 0.055923 0.625338
2 0.183076 0.616838 0.025750 0.038033 0.622088
2 0.160404 0.621009 0.020312 0.025829 0.601953
2 0.027491 0.632376 0.027434 0.025907 0.352316
