2 0.844036 0.697569 0.310501 0.393605 0.935695
2 0.635054 0.518484 0.037788 0.040480 0.832052
2 0.574657 0.522145 0.047716 0.058243 0.831679
2 0.161624 0.478621 0.029474 0.027179 0.749717
2 0.036479 0.469710 0.040648 0.037834 0.731512
2 0.487411 0.505661 0.027708 0.043235 0.699584
2 0.437556 0.508070 0.031975 0.043776 0.697797
2 0.754435 0.538939 0.076275 0.066764 0.673662
2 0.549068 0.503560 0.020950 0.029545 0.649300
2 0.101432 0.469473 0.036588 0.029146 0.597342
2 0.528006 0.499484 0.020323 0.026672 0.482433
2 0.510034 0.498817 0.021472 0.027379 0.363168
2 0.228507 0.473937 0.018918 0.019189 0.299574
2 0.471807 0.495196 0.019187 0.024287 0.283296
