2 0.161623 0.569407 0.154652 0.166330 0.912489
2 0.668779 0.591384 0.156546 0.147852 0.883329
2 0.787376 0.592623 0.103205 0.120798 0.854579
2 0.924890 0.597340 0.092558 0.065089 0.841281
2 0.502341 0.577879 0.074746 0.077506 0.837726
2 0.080170 0.543261 0.053079 0.068753 0.811978
2 0.243122 0.563619 0.046475 0.102047 0.790103
9 0.439007 0.319831 0.014453 0.058182 0.767345
2 0.022951 0.540023 0.045699 0.063110 0.767068
2 0.009691 0.653505 0.019126 0.187338 0.730216
9 0.327713 0.457918 0.016145 0.068933 0.684596
0 0.988601 0.592135 0.021887 0.141590 0.679330
2 0.858035 0.588201 0.061142 0.056330 0.582087
2 0.545692 0.565088 0.035823 0.038983 0.466969
9 0.988549 0.211895 0.022107 0.111456 0.411752
2 0.050783 0.536778 0.028764 0.055995 0.345881
2 0.557993 0.566450 0.053793 0.040223 0.299663
