7 0.559130 0.376414 0.090767 0.188119 0.887626
2 0.260074 0.415297 0.077157 0.080190 0.858480
7 0.066590 0.395142 0.132339 0.240381 0.800826
2 0.980845 0.456978 0.037501 0.081359 0.791624
2 0.500564 0.819502 0.995912 0.334517 0.768771
2 0.364923 0.408997 0.036440 0.045828 0.764452
2 0.502908 0.412631 0.027950 0.039082 0.716899
0 0.851713 0.424226 0.028653 0.105749 0.675314
9 0.504400 0.071885 0.019134 0.073764 0.651816
2 0.390925 0.411369 0.018883 0.030871 0.631487
9 0.522928 0.074830 0.020222 0.064810 0.567392
2 0.339649 0.409226 0.017357 0.057132 0.507668
2 0.302366 0.398974 0.064547 0.091604 0.462001
7 0.303054 0.399397 0.065675 0.091676 0.456436
1 0.837813 0.453839 0.048636 0.063970 0.405697
9 0.517325 0.072494 0.032378 0.072547 0.392320
9 0.653453 0.300853 0.016019 0.035740 0.343325
2 0.483800 0.409678 0.018759 0.027319 0.316475
9 0.417309 0.339053 0.008387 0.019522 0.302143
2 0.990283 0.655140 0.018508 0.262478 0.285732
