13 0.022550 0.607817 0.044940 0.114804 0.875557
2 0.428497 0.591994 0.242404 0.384498 0.874799
2 0.179433 0.504294 0.141847 0.076692 0.761083
0 0.787643 0.483705 0.020914 0.080069 0.636552
2 0.576079 0.478327 0.043279 0.071257 0.621420
0 0.071047 0.497184 0.015869 0.059297 0.456989
0 0.719738 0.492963 0.013063 0.052261 0.309789
0 0.893657 0.459158 0.018755 0.081611 0.304944
0 0.759947 0.511016 0.021446 0.095533 0.300220
0 0.919666 0.469494 0.010700 0.053762 0.287715
2 0.537871 0.485917 0.022296 0.030107 0.284731
2 0.542114 0.478275 0.020980 0.043536 0.264282
0 0.719782 0.480526 0.014868 0.078787 0.257842
