2 0.115265 0.710330 0.205720 0.189489 0.897188
2 0.694537 0.708463 0.141168 0.156978 0.767759
2 0.593080 0.675148 0.049703 0.066407 0.767011
2 0.037436 0.701507 0.074721 0.123153 0.741281
2 0.226790 0.672647 0.042439 0.058397 0.622403
2 0.398860 0.672275 0.043110 0.055024 0.620538
2 0.344232 0.674552 0.072976 0.069295 0.578024
2 0.561113 0.671511 0.027357 0.043603 0.562015
2 0.438725 0.674988 0.027444 0.025584 0.455394
2 0.969370 0.757418 0.060140 0.171196 0.403067
2 0.036770 0.678916 0.073232 0.072161 0.398156
