2 0.752035 0.514328 0.193266 0.195017 0.917367
2 0.495564 0.491403 0.105189 0.150063 0.903473
2 0.033577 0.498108 0.066755 0.158798 0.875633
2 0.065837 0.491636 0.043829 0.109721 0.801246
2 0.343995 0.458673 0.047393 0.051294 0.795242
2 0.293919 0.469482 0.032331 0.047609 0.792939
2 0.133838 0.473768 0.099202 0.130547 0.791104
2 0.262555 0.465987 0.042471 0.067127 0.724317
2 0.651088 0.464538 0.064039 0.058283 0.697590
2 0.392904 0.452229 0.024341 0.032375 0.676721
2 0.501355 0.888024 0.994234 0.187825 0.664475
2 0.371517 0.455505 0.022935 0.037816 0.619963
2 0.210175 0.467747 0.073587 0.093573 0.618359
7 0.924463 0.443631 0.149748 0.349034 0.605640
2 0.613543 0.454774 0.025982 0.039844 0.578734
2 0.531774 0.456149 0.049407 0.083189 0.555341
2 0.313715 0.459506 0.025256 0.041527 0.526588
2 0.421446 0.450960 0.031127 0.022272 0.473666
2 0.426168 0.449230 0.023368 0.021639 0.438547
2 0.414576 0.452361 0.021806 0.024471 0.426958
2 0.608483 0.453707 0.026432 0.038134 0.388759
2 0.577139 0.446441 0.021734 0.031097 0.337078
9 0.591148 0.354390 0.011694 0.041481 0.319600
2 0.595314 0.444823 0.025758 0.045535 0.297043
2 0.881077 0.476982 0.062076 0.227594 0.290371
2 0.574854 0.444608 0.018510 0.026191 0.280091
