2 0.678314 0.367592 0.227025 0.232560 0.910385
2 0.551183 0.317963 0.101296 0.133771 0.761736
2 0.400581 0.271131 0.031808 0.035823 0.711907
0 0.129735 0.271514 0.019391 0.091221 0.634590
0 0.027486 0.283440 0.025255 0.124796 0.565986
0 0.151846 0.285790 0.021968 0.110917 0.527576
2 0.455866 0.270143 0.037969 0.051588 0.476926
2 0.923889 0.534046 0.151459 0.251207 0.376907
0 0.156659 0.283351 0.019343 0.105452 0.350264
2 0.924015 0.435838 0.151041 0.452690 0.289247
0 0.173420 0.264140 0.013715 0.071133 0.277850
