2 0.796579 0.459179 0.215792 0.133661 0.890914
2 0.952677 0.437054 0.093433 0.125983 0.872437
2 0.238169 0.443744 0.060491 0.077255 0.786448
2 0.201376 0.432422 0.037992 0.062594 0.693909
2 0.064675 0.433215 0.030419 0.034987 0.570775
2 0.024608 0.432705 0.032568 0.046004 0.446525
2 0.498364 0.866810 0.992738 0.226111 0.417761
2 0.032176 0.430985 0.032955 0.043088 0.372870
2 0.010720 0.440878 0.021439 0.044813 0.359683
2 0.039407 0.430877 0.023667 0.042410 0.334365
2 0.161799 0.423944 0.023464 0.035262 0.286466
9 0.629810 0.313009 0.014499 0.043017 0.279720
2 0.018034 0.435825 0.034657 0.046760 0.276335
2 0.177878 0.426780 0.024622 0.048853 0.252850
