2 0.396240 0.590506 0.154006 0.174159 0.914813
2 0.168050 0.566922 0.156454 0.180540 0.817575
2 0.564941 0.569063 0.050049 0.062675 0.805957
2 0.487636 0.558229 0.045097 0.062590 0.775889
2 0.654097 0.897743 0.688428 0.184690 0.748743
2 0.963433 0.735001 0.072427 0.196541 0.713982
2 0.277992 0.541266 0.043664 0.042082 0.657756
2 0.325775 0.541448 0.030287 0.035732 0.580389
2 0.520235 0.548083 0.023258 0.025873 0.574835
7 0.809969 0.499297 0.306776 0.398141 0.494834
2 0.673425 0.579016 0.057129 0.133108 0.466883
2 0.239139 0.537652 0.044676 0.044684 0.412885
9 0.326885 0.434787 0.026840 0.094970 0.408341
2 0.525191 0.548400 0.018485 0.024673 0.353994
