2 0.580236 0.418453 0.124168 0.197469 0.843535
0 0.033879 0.371907 0.033500 0.138301 0.748926
0 0.072901 0.377961 0.024813 0.121671 0.698546
2 0.676495 0.401908 0.052872 0.068950 0.680316
0 0.864247 0.398213 0.029252 0.122719 0.673618
0 0.095043 0.379621 0.025972 0.114938 0.664218
0 0.989486 0.418068 0.020497 0.159094 0.627790
0 0.895428 0.397170 0.023227 0.093755 0.599826
0 0.708557 0.384035 0.015886 0.074256 0.580423
0 0.825324 0.389172 0.016691 0.074976 0.547277
0 0.803859 0.389554 0.016394 0.074010 0.540165
0 0.781492 0.384378 0.015859 0.080972 0.442970
0 0.266446 0.391162 0.018690 0.091910 0.409462
0 0.294823 0.379736 0.019111 0.082133 0.384020
0 0.310431 0.382067 0.017243 0.089216 0.303791
0 0.751284 0.391615 0.014958 0.088215 0.287953
0 0.765529 0.385100 0.014657 0.078720 0.282359
