2 0.570623 0.634304 0.113249 0.132854 0.918731
2 0.123344 0.679578 0.225965 0.272122 0.833766
2 0.504422 0.610151 0.058163 0.095348 0.763461
2 0.377953 0.658172 0.213135 0.368450 0.739780
2 0.239338 0.650784 0.066558 0.129617 0.734697
9 0.982215 0.473778 0.013139 0.045065 0.495456
2 0.984506 0.548550 0.030251 0.052637 0.486959
2 0.865108 0.567579 0.109914 0.078687 0.486386
2 0.954157 0.543943 0.031703 0.056782 0.463469
2 0.726657 0.567479 0.073157 0.087493 0.417459
2 0.771946 0.571699 0.084602 0.080060 0.393363
9 0.032665 0.434854 0.014906 0.041103 0.292342
2 0.638105 0.588074 0.036904 0.050969 0.285136
9 0.047283 0.433848 0.018132 0.043136 0.262725
