2 0.439249 0.428658 0.102613 0.093197 0.905269
2 0.100965 0.445754 0.122650 0.168165 0.874516
2 0.318856 0.439581 0.106665 0.140176 0.848793
2 0.568233 0.461044 0.172254 0.210875 0.847664
2 0.718186 0.432587 0.124579 0.063882 0.787954
9 0.438872 0.080276 0.019666 0.091108 0.677872
2 0.047206 0.456931 0.094411 0.211006 0.647299
2 0.160767 0.405478 0.062152 0.083769 0.605097
9 0.420653 0.084542 0.026452 0.086548 0.382041
9 0.265239 0.206666 0.015156 0.056171 0.359241
2 0.512750 0.812259 0.972924 0.352644 0.311006
