2 0.825758 0.568120 0.344646 0.340905 0.901609
2 0.061656 0.435540 0.122726 0.140872 0.896088
2 0.162793 0.445770 0.143097 0.154094 0.882549
2 0.669360 0.477544 0.185385 0.220912 0.676849
2 0.278979 0.434002 0.026550 0.043120 0.638147
9 0.476292 0.038375 0.019226 0.074105 0.517895
2 0.247430 0.435399 0.041207 0.063956 0.517544
2 0.499733 0.441644 0.038640 0.020215 0.411285
2 0.341296 0.437574 0.033400 0.039148 0.371067
9 0.639993 0.210250 0.014762 0.058929 0.362253
2 0.332947 0.438658 0.047899 0.039532 0.359104
9 0.488316 0.040258 0.022165 0.077059 0.341661
2 0.434111 0.434403 0.046574 0.034052 0.325934
9 0.483401 0.039169 0.030007 0.073745 0.294066
2 0.575862 0.467597 0.048123 0.114523 0.293607
2 0.282285 0.436286 0.035321 0.048011 0.283062
2 0.318792 0.438912 0.024970 0.039377 0.273176
2 0.323904 0.437398 0.035166 0.039843 0.256405
