2 0.472414 0.609969 0.089101 0.130503 0.856443
2 0.392688 0.581444 0.051570 0.072966 0.721689
2 0.284650 0.555641 0.060201 0.052306 0.695012
2 0.211199 0.567265 0.070463 0.049671 0.689793
2 0.594782 0.585000 0.081412 0.112599 0.553339
2 0.358009 0.555896 0.028907 0.033592 0.533857
2 0.141655 0.569152 0.053003 0.067761 0.430154
2 0.218238 0.561903 0.071427 0.048051 0.406876
2 0.518209 0.557395 0.020866 0.043761 0.369171
7 0.315598 0.536482 0.051368 0.075216 0.340720
7 0.038617 0.545487 0.077094 0.156781 0.329022
5 0.038812 0.545703 0.077112 0.151468 0.325889
