2 0.084831 0.529609 0.168857 0.380629 0.906495
2 0.471549 0.460725 0.067635 0.085498 0.833097
2 0.306190 0.447929 0.052863 0.067258 0.821480
7 0.236963 0.433664 0.062405 0.088825 0.653872
7 0.383692 0.450133 0.080443 0.122180 0.615434
2 0.169672 0.445680 0.040947 0.038311 0.594646
2 0.725513 0.440920 0.057529 0.035228 0.494086
2 0.383508 0.449342 0.080665 0.122992 0.490627
2 0.795321 0.443585 0.096362 0.087334 0.468505
2 0.907457 0.457691 0.169416 0.114523 0.467523
2 0.593492 0.438877 0.017725 0.040455 0.414503
2 0.632362 0.445847 0.022854 0.039972 0.353064
2 0.880410 0.458329 0.116570 0.103852 0.348607
2 0.127170 0.440716 0.049160 0.047873 0.327714
2 0.611124 0.440098 0.027633 0.039846 0.319526
7 0.794881 0.444051 0.095629 0.088191 0.307929
2 0.122057 0.441158 0.035475 0.046210 0.304481
