2 0.285068 0.558641 0.154770 0.131454 0.900426
2 0.384275 0.527183 0.089807 0.114977 0.850003
2 0.482703 0.523672 0.086487 0.089956 0.820560
2 0.920548 0.525044 0.061664 0.082407 0.765267
2 0.852230 0.510727 0.047104 0.053696 0.648238
2 0.591681 0.491880 0.025999 0.033344 0.568254
2 0.885669 0.515813 0.048622 0.069821 0.567759
2 0.704135 0.492715 0.031798 0.037983 0.555403
2 0.970658 0.520961 0.057673 0.143648 0.544559
7 0.970862 0.520748 0.057370 0.144164 0.538495
2 0.565413 0.494063 0.032754 0.040051 0.534560
2 0.443306 0.521908 0.037206 0.072639 0.520228
2 0.762466 0.491551 0.030899 0.030224 0.508904
2 0.829358 0.500260 0.032024 0.054433 0.461744
2 0.809157 0.496092 0.027380 0.047926 0.392264
2 0.612935 0.488470 0.019134 0.022735 0.372454
2 0.660226 0.471328 0.016059 0.029899 0.372058
2 0.746913 0.487462 0.016075 0.027748 0.366574
2 0.797356 0.492498 0.020542 0.042186 0.354684
2 0.495471 0.916622 0.980863 0.144522 0.331516
2 0.780783 0.491038 0.017696 0.036887 0.313470
2 0.823492 0.498145 0.029390 0.052892 0.261238
7 0.520123 0.485564 0.055584 0.089337 0.253102
