2 0.455466 0.719896 0.181455 0.290145 0.925305
2 0.919806 0.707765 0.159486 0.117615 0.892506
2 0.043942 0.679326 0.087620 0.124719 0.850118
2 0.357168 0.702523 0.041039 0.075772 0.698779
2 0.563465 0.702985 0.051836 0.073848 0.697510
9 0.338162 0.383478 0.018535 0.061478 0.605827
9 0.575641 0.266308 0.024029 0.085360 0.538188
9 0.609807 0.266739 0.020717 0.087164 0.457240
9 0.583237 0.264371 0.035445 0.091442 0.440502
2 0.560025 0.693753 0.059998 0.090178 0.361375
2 0.558143 0.679436 0.058197 0.066782 0.312320
9 0.589654 0.263742 0.048818 0.099228 0.261326
0 0.968139 0.910203 0.063147 0.169961 0.258915
9 0.592890 0.262481 0.025451 0.091185 0.250160
