2 0.784687 0.580387 0.210988 0.243035 0.928879
2 0.190377 0.481771 0.100899 0.075573 0.878545
2 0.363320 0.547701 0.132039 0.147401 0.869898
2 0.333269 0.473730 0.046072 0.048796 0.694739
2 0.485999 0.480430 0.032614 0.049015 0.633894
2 0.283922 0.462097 0.028537 0.036704 0.550820
2 0.246502 0.474000 0.054163 0.066362 0.530096
2 0.615361 0.477779 0.026950 0.031625 0.525481
2 0.417005 0.463797 0.027161 0.030363 0.511986
2 0.543168 0.508775 0.049449 0.049419 0.378962
2 0.367104 0.459059 0.028693 0.030066 0.293153
2 0.588950 0.473476 0.027025 0.039305 0.287129
