2 0.251939 0.382855 0.046499 0.061014 0.767358
2 0.104844 0.395932 0.067856 0.076354 0.764479
2 0.685841 0.412917 0.278571 0.309039 0.754918
0 0.329250 0.371549 0.016442 0.070990 0.600646
37 0.945895 0.883405 0.106983 0.076668 0.524896
9 0.492376 0.189110 0.013901 0.064784 0.506721
9 0.358113 0.105652 0.018093 0.056185 0.497056
9 0.339498 0.106278 0.016776 0.052972 0.490876
2 0.173011 0.370442 0.024696 0.050109 0.488145
2 0.351609 0.362495 0.032869 0.048659 0.427841
2 0.189753 0.366254 0.021616 0.038704 0.386884
2 0.198857 0.354196 0.026416 0.033632 0.352631
2 0.135714 0.374248 0.064363 0.088557 0.350502
2 0.186222 0.368990 0.026172 0.048006 0.323647
9 0.495208 0.286270 0.014301 0.030851 0.286399
2 0.310940 0.352702 0.018826 0.036258 0.283754
7 0.135746 0.375059 0.064561 0.090117 0.270793
2 0.155693 0.370509 0.029050 0.080344 0.259979
9 0.015870 0.287394 0.013347 0.033151 0.258390
