2 0.798575 0.451163 0.362447 0.423101 0.937594
2 0.582304 0.387385 0.111522 0.102303 0.890773
2 0.138758 0.387580 0.089631 0.102290 0.870681
2 0.037331 0.383251 0.074195 0.248999 0.829175
9 0.441326 0.093193 0.022041 0.096826 0.744589
7 0.276844 0.374006 0.065464 0.113548 0.708255
2 0.192080 0.388477 0.048182 0.079851 0.682930
2 0.502379 0.851794 0.990397 0.263933 0.595491
0 0.336298 0.377712 0.017162 0.092293 0.543708
0 0.465892 0.379761 0.017569 0.081098 0.514801
0 0.494971 0.398368 0.019693 0.053793 0.345671
2 0.619008 0.402548 0.027629 0.057849 0.293829
