2 0.463426 0.570211 0.369311 0.438836 0.957103
2 0.864043 0.520923 0.270780 0.499818 0.926938
2 0.694486 0.381566 0.213041 0.236858 0.892730
0 0.184719 0.341663 0.017580 0.068810 0.643170
0 0.114953 0.368925 0.019967 0.105266 0.605456
2 0.478050 0.344030 0.109808 0.042155 0.605011
0 0.167997 0.350331 0.015689 0.061571 0.569449
2 0.499595 0.867255 0.992322 0.244284 0.504256
9 0.841635 0.217163 0.018946 0.035197 0.460559
2 0.043560 0.360437 0.060946 0.055705 0.443192
0 0.539173 0.308995 0.011425 0.054586 0.363291
2 0.827358 0.306769 0.067861 0.070297 0.348945
2 0.005593 0.379318 0.011035 0.047695 0.291082
0 0.586664 0.316219 0.010716 0.051676 0.277616
0 0.118217 0.367383 0.021204 0.100600 0.275674
9 0.858821 0.217136 0.015050 0.036184 0.272903
9 0.245080 0.120975 0.013457 0.045419 0.261912
2 0.795964 0.303704 0.042289 0.069627 0.256665
9 0.185553 0.283796 0.016110 0.039664 0.254217
