2 0.549243 0.483405 0.075671 0.086888 0.918894
0 0.870704 0.491411 0.139313 0.394834 0.863613
2 0.056372 0.535548 0.112446 0.302336 0.835005
2 0.285369 0.459754 0.045483 0.061169 0.749276
2 0.461572 0.460961 0.038899 0.058033 0.589973
2 0.406508 0.453768 0.027374 0.036646 0.586230
2 0.233643 0.458589 0.030469 0.052091 0.397476
2 0.454143 0.459631 0.032949 0.057909 0.366580
36 0.935908 0.578819 0.108150 0.232070 0.360589
2 0.137088 0.489435 0.076855 0.093741 0.356156
36 0.909484 0.579241 0.162883 0.235821 0.299464
2 0.496315 0.469770 0.041401 0.067998 0.288644
2 0.252127 0.451271 0.022922 0.034918 0.278812
2 0.209353 0.466499 0.033056 0.055732 0.272993
2 0.186270 0.474517 0.032048 0.065671 0.267907
2 0.501633 0.477055 0.027356 0.056801 0.260798
2 0.240684 0.457633 0.043208 0.050711 0.254462
