2 0.462890 0.696337 0.189886 0.269585 0.914894
2 0.652642 0.626055 0.137402 0.170513 0.858460
2 0.176164 0.683652 0.309521 0.319156 0.853262
2 0.354418 0.621732 0.074001 0.108407 0.783937
0 0.921659 0.634999 0.025943 0.144566 0.676547
2 0.566487 0.598957 0.064887 0.076780 0.606428
0 0.728400 0.604387 0.021091 0.101408 0.574148
2 0.036648 0.865342 0.072874 0.259136 0.538360
0 0.792214 0.611738 0.024208 0.115149 0.516187
0 0.974978 0.662489 0.048537 0.187090 0.395588
0 0.753737 0.613821 0.017626 0.086178 0.352100
2 0.394744 0.592576 0.037559 0.052064 0.285349
2 0.399265 0.583088 0.046839 0.041186 0.278252
