2 0.567470 0.552602 0.269799 0.348674 0.924294
5 0.796880 0.310848 0.333905 0.419823 0.872301
0 0.874979 0.444198 0.050414 0.243328 0.809167
0 0.133584 0.394382 0.028334 0.152574 0.610273
0 0.173641 0.398810 0.029871 0.140582 0.525978
2 0.546641 0.360446 0.059067 0.044526 0.479002
0 0.297082 0.370798 0.018022 0.075165 0.477394
2 0.464801 0.408682 0.043007 0.092934 0.443142
0 0.380249 0.363816 0.011980 0.051670 0.297068
2 0.977404 0.494737 0.044735 0.327005 0.289442
0 0.244423 0.377666 0.014507 0.060128 0.269168
