2 0.589585 0.666335 0.108733 0.104966 0.888144
0 0.954170 0.711537 0.067551 0.319901 0.837994
9 0.739908 0.246858 0.026484 0.100265 0.733168
9 0.237244 0.092430 0.022946 0.104958 0.615920
2 0.531122 0.648003 0.045202 0.085378 0.601622
2 0.265669 0.652741 0.081460 0.118343 0.581843
0 0.656854 0.634754 0.020336 0.121025 0.567405
2 0.520635 0.646533 0.064563 0.085521 0.543783
0 0.632221 0.614874 0.022781 0.072078 0.509910
2 0.445456 0.629640 0.044059 0.060325 0.494061
2 0.053305 0.653088 0.044135 0.043962 0.396256
2 0.504909 0.645066 0.035286 0.078475 0.383960
2 0.137637 0.641784 0.036147 0.034560 0.349599
9 0.236475 0.076921 0.026040 0.135726 0.327107
26 0.954054 0.654911 0.041164 0.126358 0.283761
