2 0.696231 0.578897 0.100274 0.120028 0.930383
2 0.124302 0.620733 0.247863 0.240485 0.919290
7 0.866666 0.624340 0.265991 0.262157 0.917776
2 0.489753 0.609483 0.197402 0.337054 0.914941
2 0.299944 0.575304 0.132698 0.135565 0.890806
2 0.022414 0.751376 0.044451 0.237200 0.859323
2 0.637211 0.557800 0.044797 0.075480 0.799162
2 0.605440 0.542322 0.052282 0.070186 0.731571
2 0.218597 0.542897 0.069578 0.074390 0.715533
2 0.375955 0.557950 0.061458 0.089572 0.699442
2 0.344126 0.939177 0.683465 0.105950 0.429407
2 0.929805 0.541071 0.053978 0.053293 0.420416
2 0.052116 0.506981 0.101852 0.072684 0.401544
2 0.959909 0.559960 0.079193 0.056670 0.396623
2 0.960111 0.596440 0.078824 0.130600 0.312367
