2 0.238382 0.568112 0.126410 0.083954 0.894357
0 0.791395 0.616274 0.036084 0.205228 0.835197
0 0.763381 0.607388 0.032251 0.210574 0.799640
2 0.086198 0.555005 0.102247 0.057842 0.786902
2 0.596701 0.581213 0.076111 0.107423 0.767910
2 0.667935 0.607292 0.065501 0.096176 0.704829
9 0.387563 0.222478 0.014265 0.071586 0.612595
3 0.874304 0.659087 0.059821 0.134383 0.572569
2 0.462766 0.557579 0.022263 0.037026 0.552617
2 0.430198 0.558130 0.050044 0.062123 0.545337
9 0.370944 0.222411 0.024064 0.073236 0.528499
2 0.493736 0.550347 0.031501 0.032786 0.465931
2 0.030177 0.552826 0.060327 0.046507 0.464324
2 0.525699 0.558193 0.018111 0.017049 0.435994
9 0.363910 0.222451 0.013212 0.070103 0.403905
9 0.731036 0.458298 0.014875 0.034575 0.393061
2 0.552217 0.547953 0.011232 0.023594 0.325255
2 0.008922 0.554349 0.017845 0.041283 0.308517
