2 0.666638 0.558473 0.097768 0.098929 0.889137
2 0.132391 0.566086 0.111137 0.107948 0.883617
2 0.495083 0.533348 0.055286 0.083233 0.872111
2 0.592118 0.528127 0.058481 0.073301 0.797637
0 0.972630 0.536753 0.022425 0.105672 0.692806
0 0.905650 0.544318 0.017427 0.086491 0.657810
0 0.932551 0.544628 0.016785 0.074855 0.653951
2 0.381739 0.513457 0.027518 0.028960 0.649886
2 0.406953 0.505702 0.017586 0.023812 0.535912
2 0.560019 0.524381 0.021199 0.048743 0.522768
2 0.196089 0.523501 0.044906 0.053633 0.428443
2 0.452401 0.495837 0.031687 0.057315 0.338559
7 0.452634 0.496044 0.031572 0.057104 0.307359
2 0.392658 0.510909 0.016377 0.026794 0.303143
