2 0.526418 0.513135 0.048068 0.068353 0.812067
2 0.622068 0.515422 0.051870 0.076967 0.809967
2 0.350444 0.502786 0.038743 0.047535 0.807214
2 0.442855 0.498138 0.025407 0.034579 0.751850
2 0.672168 0.509620 0.052215 0.050197 0.718972
2 0.396860 0.501711 0.029087 0.031544 0.699009
2 0.010042 0.549632 0.019905 0.090807 0.622953
2 0.463076 0.494299 0.017016 0.021525 0.541491
2 0.707307 0.499421 0.028893 0.039884 0.473387
2 0.502176 0.501979 0.015542 0.042171 0.463986
2 0.120863 0.488834 0.090227 0.082328 0.400429
