2 0.039203 0.554723 0.078198 0.088382 0.767743
7 0.248396 0.553957 0.121354 0.120706 0.678159
2 0.536726 0.558401 0.033835 0.059780 0.662540
2 0.594541 0.562901 0.101293 0.130897 0.608079
2 0.121192 0.555706 0.062581 0.075963 0.575742
2 0.131305 0.555641 0.041583 0.075916 0.556145
2 0.084580 0.553323 0.063134 0.081651 0.536283
2 0.513692 0.550474 0.028391 0.045304 0.488479
2 0.412723 0.546964 0.027355 0.029072 0.396429
2 0.172600 0.554711 0.046219 0.068134 0.393097
2 0.179765 0.553006 0.039885 0.063626 0.385859
2 0.330051 0.545442 0.042222 0.064536 0.374625
7 0.327349 0.547467 0.043632 0.068857 0.361357
2 0.368513 0.551622 0.037621 0.031842 0.346229
5 0.326582 0.548405 0.043395 0.071611 0.298396
2 0.377250 0.550252 0.036055 0.028893 0.276522
2 0.161457 0.553219 0.055570 0.071474 0.273727
