2 0.477892 0.483002 0.083894 0.136658 0.890262
2 0.636903 0.497994 0.147496 0.174601 0.885693
2 0.835513 0.491325 0.152791 0.154236 0.798846
7 0.111301 0.432897 0.221977 0.161734 0.750826
2 0.295419 0.445588 0.084894 0.054582 0.739734
7 0.342071 0.423192 0.038342 0.075272 0.722492
2 0.235140 0.458358 0.033948 0.043659 0.694524
2 0.377958 0.443869 0.029160 0.022405 0.540013
7 0.225920 0.406938 0.081693 0.105419 0.539752
7 0.564012 0.434807 0.093852 0.149383 0.523796
2 0.500857 0.891085 0.993650 0.189032 0.474485
2 0.438889 0.442903 0.028160 0.049639 0.346178
