0 0.484710 0.297007 0.014215 0.072098 0.658115
0 0.834216 0.310955 0.021005 0.105147 0.579429
2 0.512677 0.292197 0.025000 0.035241 0.567804
0 0.703833 0.308518 0.016233 0.083051 0.485789
0 0.543468 0.304776 0.015364 0.061146 0.382731
0 0.735514 0.307548 0.016107 0.078521 0.367023
0 0.741064 0.305792 0.012983 0.076749 0.366674
0 0.730911 0.310053 0.011540 0.073895 0.351274
0 0.765475 0.298745 0.014135 0.074472 0.324161
0 0.785261 0.308521 0.020770 0.106978 0.318559
0 0.918466 0.317441 0.020098 0.102732 0.305987
0 0.738471 0.307166 0.014916 0.080629 0.262672
