2 0.167324 0.509391 0.085055 0.076290 0.869821
2 0.581481 0.518264 0.056557 0.074353 0.814926
2 0.237027 0.498939 0.060603 0.068529 0.785384
2 0.540744 0.505354 0.039030 0.057939 0.720724
0 0.674274 0.539321 0.026978 0.117949 0.568748
2 0.458463 0.500056 0.051584 0.086306 0.548082
2 0.887239 0.574040 0.224279 0.266803 0.516124
7 0.887213 0.574148 0.224640 0.267213 0.497272
2 0.716890 0.548904 0.139474 0.144812 0.464955
2 0.738646 0.552382 0.102817 0.149779 0.440614
0 0.671240 0.543344 0.036271 0.122230 0.400542
2 0.065296 0.546242 0.130060 0.325341 0.325640
