2 0.871990 0.640117 0.254960 0.350108 0.915781
2 0.736569 0.571521 0.162160 0.182778 0.894812
2 0.201800 0.513215 0.156592 0.180672 0.799104
2 0.570623 0.497411 0.063111 0.085771 0.796566
9 0.520988 0.291336 0.013202 0.047475 0.574929
9 0.234282 0.226060 0.020005 0.059142 0.513407
2 0.285896 0.500596 0.025589 0.060879 0.508066
3 0.352344 0.513781 0.053350 0.062958 0.469643
0 0.356351 0.494831 0.021670 0.076844 0.462652
9 0.220053 0.225003 0.013848 0.056568 0.428008
2 0.528913 0.482454 0.015758 0.040072 0.414440
2 0.479996 0.479137 0.021307 0.022387 0.393502
2 0.292916 0.498995 0.037537 0.059401 0.362321
7 0.396110 0.467194 0.030285 0.049387 0.340960
2 0.004656 0.550843 0.009208 0.078693 0.339881
2 0.532469 0.482181 0.022425 0.042149 0.337213
9 0.533059 0.293208 0.011059 0.044834 0.333733
2 0.428148 0.469673 0.013651 0.022967 0.313755
9 0.531204 0.291265 0.014846 0.048685 0.292177
2 0.396219 0.466962 0.030218 0.049477 0.288555
0 0.354679 0.494289 0.030537 0.080679 0.273706
2 0.515230 0.482212 0.014082 0.034303 0.257936
2 0.539969 0.482492 0.020784 0.050047 0.252634
