2 0.044596 0.449811 0.088913 0.128500 0.888191
2 0.480366 0.444789 0.094481 0.104199 0.822237
2 0.217092 0.434032 0.055291 0.067598 0.714877
2 0.111247 0.439547 0.056680 0.087066 0.658493
2 0.325059 0.428684 0.054280 0.073966 0.642113
2 0.175012 0.427234 0.038216 0.067560 0.585714
2 0.145852 0.434725 0.038354 0.074960 0.513172
2 0.254404 0.420878 0.036512 0.042247 0.443044
2 0.384041 0.419372 0.020972 0.047608 0.408790
2 0.262366 0.425171 0.023910 0.035537 0.323583
2 0.494403 0.860911 0.980762 0.252943 0.302951
2 0.102032 0.441173 0.039569 0.087874 0.268907
