0 0.627273 0.519739 0.097495 0.306922 0.901564
2 0.033300 0.471173 0.066316 0.156927 0.881890
2 0.236677 0.456438 0.074988 0.074803 0.872065
2 0.566544 0.466016 0.051800 0.067433 0.854570
2 0.131230 0.454710 0.123709 0.066376 0.850919
2 0.283032 0.445745 0.038664 0.041839 0.757086
2 0.184183 0.444059 0.060538 0.060378 0.739890
26 0.644644 0.542034 0.040103 0.112174 0.680780
2 0.501202 0.866285 0.993044 0.235640 0.645278
24 0.625564 0.473728 0.048426 0.125235 0.529117
24 0.620190 0.472931 0.036983 0.114445 0.502687
2 0.361666 0.437276 0.029259 0.020166 0.494911
2 0.470013 0.441894 0.015561 0.026955 0.407270
2 0.404476 0.446468 0.024135 0.024824 0.299736
11 0.869546 0.372372 0.013588 0.056307 0.278482
