6 0.142344 0.253763 0.283531 0.505640 0.852286
2 0.965946 0.340291 0.067024 0.214851 0.754634
2 0.453874 0.245753 0.032203 0.042793 0.704854
2 0.512229 0.260592 0.043594 0.046009 0.570849
2 0.577569 0.262834 0.064261 0.057624 0.552725
2 0.292999 0.215502 0.026443 0.032229 0.531108
2 0.938309 0.270072 0.048285 0.050097 0.522945
2 0.426321 0.226981 0.019502 0.034657 0.418512
2 0.656727 0.262379 0.077877 0.065029 0.403549
2 0.335767 0.216355 0.018470 0.026030 0.367372
2 0.339626 0.215990 0.026198 0.026967 0.341926
2 0.929473 0.271628 0.030607 0.044717 0.272343
2 0.639631 0.262691 0.045797 0.063590 0.255311
