2 0.063646 0.457371 0.127166 0.132689 0.894895
2 0.888398 0.476336 0.221936 0.363300 0.894599
2 0.222140 0.414533 0.056932 0.052332 0.874883
2 0.282555 0.416113 0.092311 0.096554 0.747413
2 0.384174 0.396337 0.025617 0.045273 0.736082
2 0.502615 0.406031 0.041882 0.057080 0.718569
2 0.416413 0.400410 0.048156 0.064825 0.717610
7 0.605585 0.390527 0.067395 0.097372 0.568887
2 0.605811 0.390168 0.067192 0.097452 0.431138
2 0.526035 0.386938 0.029386 0.040079 0.430506
2 0.528828 0.391499 0.028392 0.034453 0.341214
2 0.467895 0.380815 0.024257 0.021003 0.279376
