2 0.391916 0.623645 0.061575 0.079488 0.831856
9 0.390878 0.406323 0.013868 0.074945 0.791698
2 0.481566 0.611482 0.036680 0.054046 0.779687
9 0.279274 0.408670 0.012743 0.061069 0.677737
9 0.506263 0.113715 0.028154 0.097631 0.674946
9 0.846475 0.441293 0.021746 0.040606 0.547317
2 0.937923 0.728200 0.123653 0.176386 0.490794
9 0.836441 0.388828 0.026841 0.054813 0.401229
2 0.622591 0.597205 0.046859 0.036288 0.397719
2 0.522958 0.596800 0.021118 0.026876 0.305219
2 0.795416 0.594056 0.032020 0.051035 0.303048
2 0.150847 0.617329 0.047389 0.040046 0.292776
7 0.761040 0.592672 0.101464 0.055450 0.285915
2 0.359531 0.599179 0.022658 0.027151 0.257630
