2 0.067324 0.659335 0.133743 0.310121 0.902932
2 0.395034 0.511700 0.043181 0.059046 0.805302
2 0.450417 0.515989 0.026194 0.040727 0.700748
2 0.116529 0.544304 0.069649 0.044608 0.679123
2 0.504435 0.504947 0.036783 0.057228 0.673012
13 0.774034 0.035900 0.056540 0.068819 0.651490
2 0.222193 0.535112 0.044628 0.037772 0.475424
7 0.264810 0.524022 0.044487 0.047291 0.457478
9 0.622877 0.354255 0.016648 0.073532 0.448500
9 0.559570 0.414115 0.010088 0.044685 0.409284
2 0.039707 0.534032 0.049427 0.043256 0.346680
2 0.194592 0.540752 0.024562 0.031288 0.343770
2 0.569068 0.488421 0.017671 0.023437 0.309004
2 0.296534 0.532182 0.022557 0.026425 0.289311
