2 0.709693 0.607313 0.089499 0.134300 0.798174
2 0.195260 0.565599 0.074158 0.070061 0.789995
2 0.552220 0.597828 0.089291 0.108263 0.784690
2 0.655595 0.593810 0.073996 0.094964 0.783620
7 0.870241 0.583835 0.258478 0.405924 0.733265
2 0.016455 0.581535 0.032910 0.076898 0.726824
2 0.054612 0.571679 0.070117 0.071127 0.719826
2 0.260515 0.557630 0.024257 0.030907 0.547223
2 0.150803 0.559200 0.037945 0.051556 0.519117
2 0.412186 0.557588 0.053543 0.091609 0.500448
2 0.331093 0.558277 0.025880 0.036877 0.492429
7 0.414001 0.558948 0.056187 0.093079 0.416553
2 0.361518 0.556469 0.019934 0.031693 0.413494
2 0.296529 0.557850 0.022254 0.025256 0.391980
2 0.508878 0.557389 0.026037 0.030667 0.377564
2 0.273828 0.557157 0.029693 0.029792 0.293305
2 0.602679 0.580696 0.069793 0.064233 0.250138
