2 0.952765 0.446722 0.093275 0.151516 0.912881
2 0.816319 0.432635 0.131473 0.120161 0.836277
2 0.729770 0.438688 0.083083 0.094333 0.755971
7 0.679378 0.398354 0.101994 0.151380 0.748804
2 0.048707 0.507731 0.097289 0.125628 0.742710
2 0.552229 0.451855 0.055768 0.077170 0.694161
2 0.113749 0.492344 0.049886 0.057296 0.621139
2 0.198898 0.478181 0.058164 0.064135 0.591972
2 0.198935 0.495046 0.057761 0.095347 0.544275
2 0.316716 0.461436 0.035157 0.052214 0.501553
2 0.516129 0.435996 0.033777 0.044966 0.481332
2 0.608387 0.436448 0.028505 0.056883 0.442283
2 0.440602 0.462483 0.052510 0.094201 0.397966
2 0.613401 0.431466 0.039280 0.070789 0.340885
2 0.348440 0.469115 0.029498 0.051030 0.275094
2 0.347646 0.477735 0.030870 0.035821 0.251711
