2 0.746798 0.354147 0.159608 0.110028 0.868430
2 0.504385 0.381563 0.068034 0.095974 0.802247
2 0.842028 0.333309 0.079597 0.075622 0.796498
2 0.928829 0.314251 0.082113 0.087274 0.763531
2 0.967244 0.317138 0.064639 0.083630 0.743546
0 0.047141 0.423159 0.022707 0.089633 0.738167
2 0.206183 0.393724 0.084688 0.086172 0.663949
2 0.330309 0.375321 0.029966 0.040588 0.574139
2 0.376643 0.360953 0.025503 0.030746 0.555682
2 0.880355 0.322068 0.034448 0.057078 0.545977
2 0.680023 0.358146 0.096537 0.090806 0.503110
2 0.623003 0.357327 0.045955 0.064690 0.488195
2 0.359170 0.370672 0.026016 0.029354 0.443684
7 0.206988 0.393707 0.087071 0.086684 0.404972
2 0.572048 0.350026 0.038848 0.052733 0.373107
2 0.417894 0.354244 0.024942 0.030979 0.348952
2 0.578109 0.349356 0.028276 0.052215 0.342180
2 0.636239 0.353357 0.074253 0.071676 0.334583
