2 0.674788 0.327513 0.107704 0.130849 0.902762
2 0.775977 0.300901 0.089781 0.086576 0.871877
2 0.415415 0.287854 0.070508 0.087207 0.856344
2 0.512543 0.288341 0.080346 0.135941 0.843486
2 0.621019 0.286794 0.063808 0.079601 0.812943
2 0.265820 0.289277 0.068879 0.115687 0.715870
2 0.372407 0.248049 0.051859 0.080325 0.655439
2 0.593846 0.262334 0.035860 0.053808 0.609593
7 0.120310 0.307519 0.240621 0.238933 0.577773
2 0.013697 0.259788 0.027325 0.067136 0.434994
7 0.578041 0.219414 0.034050 0.086335 0.385513
2 0.120818 0.309138 0.240902 0.234617 0.349926
9 0.552171 0.110414 0.009308 0.032038 0.326167
