2 0.689571 0.481700 0.152554 0.142740 0.882239
2 0.057473 0.496860 0.114767 0.191920 0.851714
2 0.618395 0.457280 0.090035 0.119351 0.705675
2 0.342189 0.429011 0.042640 0.042052 0.549202
2 0.563154 0.447241 0.031388 0.081693 0.480531
2 0.381069 0.418313 0.024143 0.022925 0.458007
2 0.485007 0.416576 0.029585 0.037494 0.444226
2 0.545044 0.443011 0.024602 0.065712 0.350638
2 0.498060 0.869446 0.980060 0.237789 0.331135
2 0.194020 0.423455 0.054698 0.046039 0.286197
2 0.568509 0.445098 0.037383 0.091971 0.274347
2 0.200356 0.422903 0.043113 0.039805 0.260216
