2 0.230385 0.597160 0.060090 0.067977 0.888284
2 0.046479 0.612544 0.092758 0.135552 0.881351
2 0.153055 0.585764 0.058062 0.064442 0.794016
2 0.381385 0.642576 0.123098 0.192995 0.679505
2 0.462337 0.608606 0.030645 0.042449 0.539540
2 0.522075 0.603584 0.023303 0.034134 0.524452
2 0.494148 0.604093 0.021550 0.031125 0.519288
2 0.862435 0.668514 0.068677 0.070483 0.411364
2 0.961064 0.666212 0.074467 0.071431 0.410826
2 0.781586 0.649126 0.064838 0.066279 0.386831
2 0.738001 0.637304 0.051773 0.053570 0.377109
2 0.834616 0.661782 0.055265 0.062190 0.295691
2 0.898840 0.645496 0.063327 0.056636 0.294689
2 0.681168 0.619473 0.029988 0.028562 0.274693
