2 0.443248 0.510055 0.075432 0.104932 0.622747
2 0.184357 0.527359 0.095271 0.084909 0.604353
2 0.319991 0.492078 0.075695 0.083601 0.563757
2 0.021080 0.505233 0.042042 0.035785 0.504656
2 0.394304 0.489769 0.030771 0.050650 0.470275
2 0.369320 0.488942 0.039906 0.058929 0.420081
2 0.014902 0.634913 0.029697 0.158397 0.414177
2 0.133704 0.503999 0.102321 0.099751 0.369764
2 0.225842 0.509614 0.081672 0.091894 0.344385
2 0.392146 0.482638 0.033460 0.064589 0.314885
2 0.238382 0.511461 0.051002 0.085086 0.267015
