2 0.866360 0.648243 0.266585 0.257203 0.907163
2 0.426590 0.616614 0.153928 0.222183 0.897460
2 0.129080 0.568829 0.114762 0.113851 0.894270
2 0.709680 0.610676 0.113349 0.134869 0.834197
2 0.037109 0.552803 0.073870 0.216827 0.824107
2 0.635684 0.587052 0.084225 0.095009 0.792197
2 0.273063 0.537950 0.042634 0.066176 0.714116
2 0.238382 0.542126 0.052472 0.080934 0.709427
2 0.590718 0.570666 0.051750 0.069941 0.708920
2 0.198875 0.553683 0.064711 0.078948 0.636270
2 0.299556 0.530033 0.041126 0.057153 0.588306
2 0.497778 0.538801 0.036922 0.045979 0.580114
2 0.538459 0.543026 0.048628 0.061732 0.504925
2 0.333199 0.527133 0.023922 0.047666 0.417413
2 0.562509 0.553768 0.042964 0.069004 0.375897
2 0.362272 0.535521 0.034430 0.052380 0.332832
2 0.287527 0.533544 0.039416 0.059785 0.331290
2 0.472837 0.913132 0.933909 0.145256 0.268170
