2 0.883979 0.609851 0.230951 0.279206 0.894638
11 0.241004 0.278837 0.049385 0.085683 0.888249
2 0.632218 0.507259 0.051276 0.058104 0.575589
2 0.079065 0.515060 0.111796 0.115448 0.566683
0 0.340803 0.491310 0.027893 0.090943 0.534614
2 0.103681 0.496963 0.155465 0.085340 0.487470
2 0.486388 0.495388 0.041440 0.055542 0.444679
2 0.100257 0.511658 0.155686 0.118230 0.355674
0 0.756436 0.509303 0.013579 0.078710 0.317398
2 0.984037 0.703100 0.031494 0.199303 0.294424
0 0.805924 0.494797 0.023482 0.066633 0.283617
2 0.583023 0.490293 0.022999 0.040229 0.271324
