9 0.739431 0.372242 0.028947 0.066319 0.675597
2 0.835923 0.646671 0.049464 0.057656 0.664757
2 0.796040 0.631465 0.033502 0.034036 0.605286
9 0.621328 0.337404 0.021704 0.068352 0.591250
9 0.616523 0.337609 0.032650 0.070512 0.577783
9 0.457816 0.317031 0.037591 0.069327 0.563307
2 0.906014 0.641000 0.035697 0.029759 0.498167
2 0.750127 0.642459 0.060136 0.085174 0.453543
9 0.609768 0.338385 0.021424 0.068649 0.452193
2 0.600595 0.724161 0.312341 0.398792 0.342830
2 0.381508 0.734052 0.756359 0.419458 0.326927
9 0.577089 0.345561 0.017287 0.053632 0.325327
2 0.866331 0.637938 0.025014 0.031728 0.289987
2 0.842516 0.642163 0.061052 0.044893 0.255394
