2 0.830359 0.563578 0.120319 0.141830 0.876692
2 0.107611 0.536343 0.215198 0.233756 0.860355
2 0.950623 0.604443 0.097843 0.289038 0.804687
2 0.318567 0.514883 0.179742 0.179522 0.771784
2 0.216142 0.479130 0.164128 0.208976 0.548479
2 0.452427 0.493952 0.104000 0.133477 0.500748
7 0.451376 0.493607 0.104208 0.134161 0.443080
2 0.515895 0.508901 0.032230 0.071605 0.384880
2 0.592369 0.494516 0.028648 0.027221 0.367026
2 0.757653 0.509416 0.088178 0.104449 0.346740
2 0.646490 0.490008 0.021210 0.024618 0.295777
