2 0.136764 0.767795 0.273529 0.120788 0.787870
0 0.518254 0.741726 0.032099 0.103617 0.683024
0 0.907898 0.772795 0.022095 0.117548 0.626538
2 0.696837 0.754491 0.066993 0.077773 0.603239
0 0.947485 0.775202 0.044517 0.178698 0.574633
9 0.121359 0.558205 0.017751 0.059883 0.565578
0 0.793391 0.739221 0.014103 0.072883 0.553621
0 0.587882 0.766652 0.030895 0.159750 0.550576
9 0.182511 0.475067 0.016656 0.069662 0.533517
0 0.518615 0.741872 0.022402 0.100163 0.507598
9 0.205039 0.474277 0.016167 0.070263 0.449381
0 0.907695 0.753640 0.028209 0.157124 0.422954
0 0.993311 0.768612 0.012636 0.141476 0.419282
2 0.462797 0.723276 0.029703 0.028689 0.396875
2 0.661239 0.741828 0.047782 0.068250 0.390162
2 0.439710 0.719316 0.030514 0.041463 0.367152
0 0.983737 0.786517 0.025589 0.143427 0.358312
0 0.959038 0.770418 0.025711 0.131366 0.321079
9 0.184333 0.475721 0.022402 0.075873 0.289049
0 0.990894 0.777965 0.017297 0.150739 0.285198
9 0.780607 0.651315 0.015776 0.031081 0.281579
9 0.204394 0.475457 0.022023 0.078834 0.280758
2 0.436963 0.723974 0.026167 0.036299 0.276267
0 0.979558 0.779341 0.027269 0.150783 0.271504
2 0.250776 0.748051 0.047465 0.061949 0.254599
2 0.649643 0.739896 0.039816 0.064982 0.254331
