2 0.430799 0.425355 0.136518 0.186726 0.906721
2 0.640038 0.389372 0.129257 0.151906 0.840564
2 0.567031 0.378974 0.058741 0.094445 0.822702
2 0.251736 0.405713 0.076119 0.096103 0.775670
2 0.971932 0.594140 0.055707 0.218824 0.576225
2 0.289483 0.393590 0.038471 0.075785 0.502850
2 0.342841 0.385589 0.039514 0.047478 0.493683
2 0.306393 0.390921 0.053938 0.069007 0.465544
2 0.337050 0.387749 0.038597 0.048746 0.439707
2 0.359268 0.384188 0.024151 0.044686 0.426696
2 0.317716 0.395053 0.034968 0.052549 0.424204
2 0.354479 0.385236 0.027046 0.043799 0.409882
2 0.329541 0.391026 0.028709 0.050337 0.347897
9 0.155131 0.015994 0.045542 0.030750 0.332641
9 0.481844 0.109253 0.020900 0.081587 0.317731
9 0.148650 0.014598 0.032087 0.026396 0.269676
