2 0.440931 0.577343 0.090477 0.104074 0.789712
2 0.720473 0.565552 0.116765 0.165747 0.764580
2 0.253251 0.530467 0.043358 0.036869 0.668755
2 0.571452 0.560251 0.058515 0.098616 0.641708
2 0.335772 0.535368 0.033855 0.028832 0.564174
2 0.082602 0.525938 0.118512 0.050610 0.500797
2 0.328156 0.535639 0.050304 0.026816 0.399205
2 0.150933 0.532727 0.033068 0.038292 0.321104
2 0.393707 0.532304 0.028463 0.025969 0.310488
2 0.501258 0.546099 0.025695 0.044674 0.309218
2 0.370606 0.533942 0.019683 0.018400 0.306850
2 0.311188 0.534330 0.022439 0.023626 0.275610
7 0.080366 0.489723 0.146878 0.121524 0.259153
