2 0.236251 0.554650 0.329642 0.329051 0.932427
2 0.556557 0.536581 0.179864 0.115692 0.900521
2 0.837456 0.547561 0.145401 0.142935 0.775750
2 0.718231 0.515853 0.118317 0.073023 0.748451
2 0.938482 0.577091 0.122094 0.337226 0.645859
2 0.371768 0.484238 0.041682 0.061516 0.630599
2 0.038187 0.518485 0.075925 0.126224 0.627874
0 0.844802 0.475776 0.016629 0.045540 0.608211
2 0.857606 0.580859 0.113373 0.196281 0.518535
2 0.511209 0.903643 0.970862 0.167138 0.453189
2 0.516798 0.467958 0.058034 0.030414 0.327719
2 0.048554 0.479414 0.086748 0.054905 0.292915
2 0.063798 0.518717 0.055921 0.132265 0.260855
