2 0.323694 0.501865 0.170024 0.264917 0.839144
2 0.513734 0.452615 0.073738 0.095655 0.744520
2 0.169702 0.462959 0.111478 0.142084 0.732225
7 0.813813 0.527857 0.302768 0.271094 0.587033
2 0.645262 0.463245 0.080798 0.072541 0.494590
2 0.447218 0.452240 0.048918 0.045360 0.453406
2 0.024184 0.533316 0.048169 0.359870 0.424800
2 0.974175 0.598292 0.051141 0.189115 0.393290
2 0.234561 0.450343 0.042698 0.078140 0.355708
2 0.493712 0.896913 0.962005 0.206175 0.309915
2 0.445984 0.443404 0.051351 0.064625 0.280096
