2 0.872155 0.717980 0.208905 0.116887 0.842218
9 0.714935 0.173043 0.032411 0.118962 0.733912
2 0.452831 0.726357 0.063224 0.077744 0.728225
2 0.723432 0.724134 0.123065 0.107326 0.727101
9 0.678553 0.178172 0.031285 0.107505 0.702591
2 0.214278 0.740804 0.065887 0.073079 0.652326
2 0.244690 0.723793 0.041442 0.066512 0.610279
2 0.983428 0.721595 0.032506 0.094370 0.603185
2 0.286160 0.708263 0.033866 0.044905 0.477773
0 0.097416 0.743830 0.033855 0.104664 0.476048
2 0.427584 0.706142 0.057210 0.068427 0.357476
0 0.609960 0.712322 0.017891 0.086507 0.357001
0 0.101797 0.745356 0.024513 0.100911 0.347766
9 0.095145 0.415548 0.018627 0.064684 0.339386
2 0.456362 0.734811 0.052622 0.062900 0.302516
2 0.344402 0.707425 0.018617 0.028359 0.281818
9 0.702973 0.170739 0.060942 0.136510 0.277518
