7 0.425330 0.403785 0.102237 0.158672 0.802552
2 0.055416 0.464182 0.109408 0.112589 0.801856
2 0.239810 0.502595 0.149923 0.125998 0.593744
2 0.123206 0.415532 0.077489 0.049086 0.552909
2 0.362855 0.425235 0.031311 0.056067 0.505585
2 0.510715 0.427451 0.032766 0.054383 0.493434
2 0.195672 0.446294 0.063131 0.081855 0.472741
2 0.323283 0.409456 0.040030 0.028514 0.443328
2 0.209820 0.445312 0.093791 0.083828 0.434248
2 0.138609 0.414535 0.047368 0.047923 0.398237
2 0.322598 0.418187 0.045506 0.042834 0.383352
2 0.557533 0.423933 0.024080 0.032026 0.324293
