2 0.869494 0.747923 0.259560 0.474029 0.927216
2 0.239180 0.533687 0.037567 0.045751 0.844321
2 0.185605 0.536988 0.039612 0.043765 0.817922
2 0.110636 0.539520 0.081283 0.077659 0.811463
2 0.026229 0.550696 0.051962 0.092825 0.773729
7 0.378674 0.501638 0.031731 0.078080 0.663619
2 0.267914 0.525528 0.028448 0.032431 0.612234
9 0.500491 0.227342 0.016777 0.061588 0.500456
9 0.192468 0.305487 0.015590 0.053382 0.488025
9 0.172038 0.297845 0.017185 0.075051 0.468827
9 0.524466 0.225606 0.025941 0.068619 0.460117
2 0.430246 0.523032 0.034435 0.030222 0.414581
2 0.289957 0.523210 0.019196 0.025479 0.385560
