2 0.583366 0.483088 0.096528 0.121101 0.777029
1 0.022939 0.450544 0.045878 0.101161 0.550219
2 0.787766 0.467615 0.032874 0.070754 0.449315
2 0.789264 0.459618 0.028462 0.056564 0.441844
2 0.842034 0.465031 0.056216 0.113413 0.437363
2 0.764147 0.453097 0.029060 0.051560 0.429465
2 0.655418 0.436562 0.021674 0.061685 0.427466
1 0.011082 0.449565 0.022088 0.096426 0.419120
2 0.627003 0.452972 0.044563 0.095723 0.342231
2 0.758537 0.452259 0.032944 0.049788 0.330676
2 0.919488 0.487145 0.152476 0.141381 0.324709
2 0.875875 0.485358 0.065552 0.142033 0.297939
2 0.937145 0.470588 0.120795 0.100144 0.273227
2 0.816520 0.466084 0.055195 0.091175 0.270845
2 0.747478 0.447681 0.024276 0.043156 0.263443
2 0.715594 0.438287 0.022309 0.042347 0.254785
2 0.807333 0.476318 0.038749 0.070454 0.252222
