2 0.060216 0.484117 0.120432 0.288671 0.832716
2 0.127592 0.401051 0.148541 0.167068 0.807112
2 0.486361 0.367435 0.088909 0.104004 0.785798
2 0.231913 0.361518 0.079557 0.122626 0.671589
2 0.499358 0.771049 0.997138 0.438083 0.602097
2 0.439285 0.342968 0.055359 0.101860 0.536717
2 0.281401 0.335600 0.035116 0.058427 0.525800
2 0.371749 0.308236 0.025000 0.031626 0.457693
2 0.314633 0.316090 0.024058 0.031932 0.405089
2 0.412928 0.332624 0.034667 0.083833 0.385334
2 0.406602 0.326643 0.050980 0.078803 0.365797
2 0.259867 0.346683 0.034981 0.083190 0.306548
2 0.156568 0.421331 0.091293 0.123009 0.297585
2 0.276363 0.336565 0.043371 0.065398 0.295929
2 0.388277 0.330884 0.017228 0.039140 0.252633
