2 0.865768 0.745122 0.267427 0.493719 0.906605
2 0.733511 0.645226 0.213078 0.271410 0.840344
2 0.026805 0.688971 0.053565 0.174716 0.753956
2 0.200242 0.646519 0.074522 0.101442 0.737503
2 0.621571 0.629727 0.067438 0.169391 0.687552
2 0.101041 0.652466 0.137161 0.176568 0.522736
2 0.366100 0.607251 0.042722 0.053304 0.498303
2 0.528126 0.590166 0.031999 0.037734 0.436038
2 0.478455 0.596634 0.074005 0.060510 0.415710
2 0.521919 0.585902 0.027136 0.042580 0.399033
2 0.390400 0.595715 0.026539 0.045887 0.265579
