2 0.494479 0.613928 0.209035 0.284679 0.937651
5 0.876077 0.422497 0.246230 0.466867 0.926135
2 0.638858 0.574066 0.105913 0.143987 0.873901
2 0.011793 0.583232 0.023228 0.041795 0.684342
9 0.187329 0.307230 0.029807 0.167962 0.649915
9 0.693610 0.398848 0.013971 0.060926 0.584673
0 0.344205 0.546983 0.022963 0.097202 0.519537
2 0.494552 0.886778 0.984972 0.210050 0.473821
9 0.381886 0.377329 0.019486 0.086191 0.440947
9 0.747005 0.433055 0.011403 0.046272 0.424763
2 0.395652 0.549529 0.060374 0.104261 0.394985
2 0.956692 0.567839 0.085389 0.535460 0.350269
0 0.346876 0.548426 0.031844 0.102906 0.317075
7 0.957066 0.567675 0.084916 0.533159 0.297916
9 0.385628 0.383435 0.027245 0.100866 0.265721
