2 0.928444 0.623572 0.143113 0.201704 0.779361
2 0.224874 0.552739 0.108656 0.092517 0.744276
7 0.712028 0.604026 0.319254 0.416114 0.717136
2 0.529346 0.557799 0.040530 0.042627 0.599474
0 0.007541 0.578308 0.015060 0.129313 0.469343
2 0.472338 0.544323 0.036601 0.062237 0.448663
2 0.416153 0.553925 0.030265 0.041118 0.427790
2 0.289425 0.551161 0.026610 0.042138 0.384102
2 0.522625 0.556983 0.049260 0.039335 0.358008
2 0.320728 0.548551 0.028843 0.031942 0.295224
2 0.500733 0.556807 0.027750 0.033742 0.282750
