2 0.087245 0.461590 0.103880 0.096723 0.712887
7 0.256874 0.453979 0.253968 0.258314 0.710085
2 0.943235 0.589791 0.112513 0.075343 0.671026
2 0.028524 0.486150 0.057006 0.135030 0.543963
7 0.463028 0.487542 0.179705 0.140893 0.436051
5 0.680119 0.504441 0.184543 0.159110 0.414336
2 0.462642 0.488673 0.178461 0.139809 0.377399
2 0.027018 0.434887 0.053693 0.059602 0.369698
2 0.028283 0.502137 0.055205 0.096029 0.358580
0 0.869715 0.555678 0.020664 0.108944 0.313935
7 0.581185 0.496230 0.072632 0.144400 0.278767
2 0.499008 0.894730 0.996338 0.192213 0.265899
