5 0.444888 0.420886 0.480164 0.831276 0.920581
0 0.114693 0.577274 0.017658 0.078562 0.760278
0 0.742403 0.532868 0.024762 0.120300 0.670288
0 0.156821 0.578422 0.014513 0.062491 0.576372
0 0.796801 0.511460 0.013217 0.064123 0.552306
0 0.872474 0.534628 0.035592 0.208160 0.535532
13 0.923475 0.603767 0.096691 0.115149 0.471310
0 0.987635 0.527289 0.024104 0.099708 0.421919
0 0.168684 0.555670 0.012818 0.050179 0.372706
0 0.869826 0.487768 0.031789 0.114749 0.321387
2 0.496427 0.898345 0.986587 0.171658 0.257930
