2 0.443534 0.591627 0.054658 0.076837 0.783747
2 0.638872 0.566507 0.100884 0.079188 0.758398
2 0.366613 0.572691 0.032624 0.036885 0.602679
2 0.558538 0.559051 0.042967 0.050137 0.596801
2 0.413145 0.570021 0.027542 0.037861 0.540545
2 0.049349 0.609097 0.098633 0.098090 0.413156
2 0.251836 0.616818 0.184426 0.230234 0.352871
7 0.251905 0.616864 0.184397 0.230875 0.347552
2 0.418984 0.569011 0.039704 0.042129 0.338127
5 0.252178 0.616873 0.185058 0.231706 0.325627
2 0.005376 0.701587 0.010697 0.111660 0.276843
2 0.050409 0.627738 0.100469 0.137917 0.270733
0 0.721830 0.567999 0.016555 0.047845 0.259156
