2 0.252645 0.730228 0.161464 0.173272 0.817293
2 0.089457 0.710771 0.045613 0.044271 0.585181
2 0.469725 0.700274 0.026538 0.030425 0.508729
2 0.541481 0.700838 0.024295 0.026659 0.445175
2 0.875778 0.704882 0.098996 0.063962 0.435306
2 0.939013 0.711362 0.116475 0.073118 0.349250
2 0.678720 0.703737 0.060384 0.038622 0.342748
2 0.737315 0.707784 0.056981 0.041936 0.341639
2 0.989923 0.724739 0.019404 0.046916 0.278795
2 0.791410 0.717204 0.034406 0.041620 0.272220
2 0.634829 0.702931 0.033065 0.031419 0.261929
