2 0.784013 0.680185 0.177474 0.214839 0.919639
2 0.894490 0.770121 0.210212 0.416437 0.915167
2 0.095293 0.631181 0.179594 0.145855 0.888493
2 0.025992 0.660823 0.051591 0.165864 0.860588
2 0.302248 0.629415 0.179909 0.206643 0.859789
2 0.407448 0.597366 0.035357 0.049578 0.622844
2 0.460050 0.593248 0.025268 0.025067 0.573714
7 0.673555 0.607468 0.107799 0.161970 0.543597
2 0.584551 0.597411 0.038907 0.056898 0.518580
2 0.611954 0.609387 0.029137 0.094569 0.479411
9 0.381912 0.426896 0.009820 0.037011 0.461011
2 0.439934 0.595566 0.020700 0.030179 0.433264
2 0.435627 0.594586 0.023162 0.038108 0.410811
2 0.496268 0.591194 0.021779 0.024699 0.405680
2 0.559149 0.593041 0.016144 0.028725 0.397768
