2 0.467669 0.436392 0.237408 0.347059 0.926920
1 0.944061 0.351567 0.084776 0.151127 0.846188
2 0.283932 0.334773 0.111718 0.057567 0.801111
9 0.379876 0.157422 0.014382 0.041948 0.582692
9 0.383307 0.157712 0.012578 0.041978 0.552386
2 0.242589 0.315450 0.055173 0.035836 0.520285
9 0.457865 0.166750 0.013674 0.032486 0.518349
2 0.143148 0.328616 0.038891 0.042471 0.403872
2 0.315014 0.308259 0.050075 0.028829 0.369025
2 0.547637 0.768292 0.901237 0.433166 0.326614
2 0.863478 0.771062 0.271510 0.436663 0.323805
