2 0.134247 0.510894 0.119005 0.089448 0.853311
2 0.230893 0.537035 0.068515 0.088328 0.819999
2 0.287329 0.511070 0.054922 0.060928 0.740270
0 0.550711 0.566568 0.025882 0.133807 0.699818
0 0.578975 0.569943 0.024627 0.134518 0.694020
9 0.414798 0.335372 0.017731 0.076613 0.693075
2 0.384532 0.528674 0.075987 0.068649 0.655159
9 0.351999 0.371228 0.015382 0.072535 0.653406
0 0.623650 0.567279 0.022585 0.117687 0.582000
0 0.706579 0.582843 0.030966 0.122166 0.527888
9 0.116420 0.151596 0.028227 0.138443 0.484543
9 0.382285 0.338346 0.018818 0.079279 0.411538
2 0.423199 0.899703 0.842406 0.168119 0.404914
2 0.329927 0.520807 0.021074 0.035463 0.332599
0 0.490428 0.539341 0.017961 0.105552 0.328251
0 0.510563 0.543178 0.020840 0.094336 0.319870
0 0.603549 0.558696 0.023837 0.102500 0.317657
0 0.034180 0.517599 0.017533 0.074166 0.300121
9 0.380494 0.421376 0.015537 0.039122 0.273313
0 0.912029 0.576772 0.019241 0.090681 0.254060
