2 0.071419 0.552628 0.132688 0.119169 0.896578
2 0.808841 0.538828 0.088146 0.116811 0.892643
2 0.183441 0.527625 0.078504 0.086052 0.862227
2 0.284520 0.505015 0.055067 0.065575 0.818882
2 0.562144 0.496810 0.030975 0.039680 0.634385
7 0.511670 0.478539 0.037374 0.079765 0.602219
7 0.842529 0.469728 0.060130 0.117621 0.540914
2 0.326314 0.503153 0.029887 0.035032 0.528130
2 0.556648 0.494126 0.044095 0.043802 0.521415
2 0.348329 0.496467 0.027117 0.041128 0.487648
2 0.752782 0.495542 0.033887 0.042291 0.455123
2 0.511870 0.478675 0.036537 0.077652 0.418465
2 0.658711 0.471664 0.037918 0.040930 0.416442
2 0.656659 0.478913 0.043274 0.057324 0.355195
2 0.687686 0.495104 0.021694 0.028514 0.346114
2 0.132468 0.497097 0.084713 0.073008 0.328428
2 0.384484 0.492786 0.020552 0.026119 0.296320
2 0.364234 0.494130 0.017941 0.033732 0.289496
2 0.004459 0.572432 0.008882 0.115721 0.277460
2 0.393186 0.490407 0.016398 0.021241 0.277115
2 0.417285 0.485318 0.021376 0.016098 0.265074
