2 0.877369 0.599635 0.244721 0.342232 0.896255
2 0.213738 0.400826 0.111363 0.120962 0.859463
2 0.370936 0.398273 0.062866 0.085433 0.824006
2 0.049631 0.439713 0.098891 0.180416 0.815413
2 0.042105 0.706711 0.083924 0.265985 0.774366
2 0.600618 0.416947 0.076693 0.096517 0.773301
2 0.073936 0.402298 0.089788 0.103122 0.675719
2 0.286050 0.368400 0.041485 0.055206 0.656933
7 0.483082 0.397975 0.065514 0.108366 0.470495
2 0.483082 0.397940 0.064836 0.108425 0.463711
2 0.498939 0.878225 0.980489 0.225258 0.389900
