2 0.057741 0.491120 0.115041 0.232980 0.873973
2 0.300119 0.484013 0.164062 0.188219 0.864021
2 0.905513 0.554363 0.187975 0.384454 0.823466
9 0.755123 0.098429 0.020082 0.085484 0.817858
2 0.481543 0.463573 0.118844 0.183721 0.810176
7 0.394941 0.391308 0.086729 0.183389 0.751398
0 0.605973 0.450837 0.033972 0.148205 0.617457
2 0.192684 0.444505 0.062495 0.061321 0.582220
0 0.742579 0.435723 0.015292 0.077656 0.506251
0 0.659033 0.437383 0.017726 0.080595 0.359813
2 0.582868 0.437875 0.030168 0.067323 0.351109
9 0.505103 0.231610 0.015551 0.045838 0.312456
0 0.683666 0.432628 0.012519 0.056935 0.295661
0 0.681137 0.432677 0.010061 0.057040 0.294910
