10 0.121537 0.455737 0.017036 0.065570 0.918949
2 0.245556 0.414105 0.079290 0.106099 0.868408
0 0.923779 0.486635 0.060080 0.236120 0.775163
0 0.671566 0.454802 0.052272 0.172845 0.774555
0 0.630023 0.438284 0.029573 0.144523 0.760550
0 0.884607 0.486845 0.045016 0.214476 0.727236
9 0.936517 0.162658 0.026697 0.094269 0.727056
2 0.527605 0.435360 0.094776 0.132285 0.723530
2 0.280576 0.399187 0.058335 0.101720 0.678912
2 0.482580 0.418161 0.038322 0.102617 0.579535
2 0.341581 0.382189 0.023788 0.049290 0.498154
2 0.500841 0.815279 0.996674 0.332362 0.447978
0 0.412632 0.408252 0.024368 0.099161 0.447874
7 0.460688 0.395141 0.040227 0.093915 0.429112
1 0.411209 0.444075 0.024354 0.082688 0.346506
7 0.309397 0.386111 0.046747 0.089560 0.324421
2 0.376292 0.370444 0.024226 0.034717 0.313401
2 0.462528 0.403582 0.040781 0.095820 0.292296
2 0.359489 0.378427 0.018193 0.041980 0.267457
