2 0.802699 0.716714 0.389964 0.255251 0.840854
2 0.080286 0.608847 0.119330 0.125367 0.836550
2 0.021254 0.629345 0.042325 0.163001 0.785472
2 0.149846 0.602962 0.103707 0.130231 0.729121
2 0.653717 0.647390 0.215260 0.185010 0.724673
2 0.943186 0.877200 0.112597 0.237992 0.704688
2 0.906326 0.582799 0.159990 0.073820 0.649163
2 0.056207 0.613933 0.080627 0.134470 0.602660
2 0.559965 0.618234 0.110955 0.132748 0.597914
2 0.231195 0.586185 0.057762 0.075864 0.574974
2 0.420095 0.576705 0.030987 0.038010 0.566356
2 0.324437 0.576384 0.051221 0.047990 0.542833
2 0.492170 0.598038 0.056541 0.079375 0.496051
2 0.482770 0.594156 0.041551 0.069595 0.469893
2 0.270931 0.584070 0.044598 0.064684 0.464877
2 0.302069 0.575860 0.046743 0.052073 0.460784
2 0.507349 0.600628 0.059550 0.087178 0.418266
2 0.294319 0.577857 0.035096 0.053253 0.391263
2 0.337878 0.576660 0.025608 0.040873 0.387326
2 0.196170 0.592937 0.055494 0.092665 0.382239
2 0.476957 0.589332 0.030007 0.055316 0.362415
2 0.451424 0.583193 0.025350 0.047841 0.353658
2 0.279279 0.581542 0.058490 0.062182 0.286069
2 0.379569 0.572629 0.046377 0.036978 0.284846
2 0.312012 0.575587 0.070406 0.052049 0.265418
