2 0.137692 0.529983 0.115459 0.112189 0.889555
2 0.515058 0.489707 0.051969 0.073823 0.824715
7 0.238753 0.471544 0.072930 0.114884 0.810697
2 0.906017 0.507971 0.093884 0.069470 0.731243
2 0.384281 0.475264 0.049926 0.054737 0.697510
2 0.419938 0.450475 0.033869 0.031441 0.563546
9 0.478665 0.372027 0.012769 0.024930 0.547234
2 0.450830 0.446899 0.021885 0.026353 0.435570
7 0.981093 0.465104 0.036971 0.154747 0.403489
2 0.471138 0.443915 0.018504 0.023200 0.324551
9 0.214247 0.345407 0.013927 0.031071 0.311356
9 0.110772 0.338754 0.010179 0.046342 0.286939
9 0.108254 0.343002 0.012205 0.044184 0.276727
9 0.487463 0.370969 0.018116 0.024000 0.272828
