2 0.737459 0.498324 0.239625 0.285095 0.920084
2 0.410928 0.492492 0.173986 0.261128 0.914475
2 0.541508 0.421047 0.050864 0.065286 0.826111
2 0.607003 0.442183 0.087133 0.138032 0.818069
9 0.533714 0.022601 0.023233 0.045104 0.756982
9 0.104562 0.248546 0.011463 0.051247 0.727050
2 0.292883 0.421158 0.047045 0.047956 0.685658
9 0.252010 0.289258 0.027442 0.084067 0.678988
9 0.729105 0.198765 0.014275 0.059806 0.621189
9 0.124675 0.072309 0.021707 0.087243 0.561151
2 0.243723 0.421731 0.026311 0.048557 0.486100
9 0.759417 0.157094 0.015479 0.064672 0.425076
2 0.255117 0.418418 0.048236 0.056173 0.394434
9 0.086270 0.316114 0.014159 0.062537 0.385910
0 0.167040 0.423657 0.008264 0.037291 0.322189
9 0.677209 0.159746 0.019266 0.049334 0.301606
2 0.499496 0.879372 0.996099 0.214683 0.300611
