2 0.585819 0.486598 0.115947 0.142358 0.798361
2 0.511131 0.463903 0.051919 0.069980 0.750359
2 0.419522 0.462069 0.081338 0.131970 0.712107
2 0.330139 0.451629 0.041345 0.056935 0.670060
9 0.493561 0.244002 0.014920 0.050561 0.651101
7 0.227973 0.461564 0.124900 0.141227 0.591158
2 0.476984 0.452118 0.034149 0.054800 0.560857
7 0.085435 0.458353 0.170593 0.196581 0.440989
2 0.228001 0.461516 0.122805 0.142135 0.418449
2 0.303179 0.454376 0.027756 0.049380 0.285349
7 0.147506 0.425915 0.045090 0.091575 0.256547
