2 0.953804 0.479459 0.091379 0.305963 0.879393
2 0.133779 0.453541 0.262153 0.214184 0.878188
2 0.891095 0.436213 0.113423 0.155498 0.852773
2 0.561288 0.374767 0.060530 0.062251 0.699013
7 0.342492 0.396532 0.191379 0.185762 0.607587
2 0.497983 0.387803 0.052271 0.081297 0.606840
2 0.440770 0.385978 0.086363 0.114395 0.606060
2 0.812839 0.383409 0.077301 0.107908 0.594715
2 0.527486 0.386134 0.034499 0.067476 0.526483
2 0.844384 0.417473 0.060735 0.111309 0.495183
2 0.521664 0.386131 0.046494 0.072482 0.482492
7 0.654461 0.357179 0.039063 0.063113 0.459540
2 0.687536 0.359725 0.020463 0.030804 0.396104
2 0.654871 0.358181 0.038107 0.060312 0.285107
