2 0.963131 0.756795 0.072595 0.309162 0.770219
9 0.285340 0.159666 0.012945 0.061206 0.652981
2 0.159690 0.362375 0.032705 0.033792 0.599759
2 0.734998 0.403962 0.062243 0.047130 0.597908
2 0.625414 0.385722 0.055333 0.041824 0.588383
9 0.721861 0.111215 0.016429 0.077334 0.579666
2 0.221020 0.357019 0.023159 0.031207 0.532670
2 0.188774 0.359976 0.026333 0.035136 0.531215
9 0.833014 0.354230 0.007671 0.032320 0.473127
9 0.742207 0.100540 0.014348 0.056588 0.461286
0 0.789601 0.404749 0.013888 0.060774 0.448157
0 0.044783 0.354586 0.011169 0.044920 0.433712
2 0.508846 0.373686 0.025019 0.033016 0.425241
9 0.738283 0.102119 0.018873 0.065055 0.346249
0 0.778405 0.407664 0.013318 0.056764 0.310700
2 0.857407 0.428020 0.042632 0.030701 0.308412
2 0.459420 0.371332 0.024196 0.022648 0.261280
2 0.243342 0.354154 0.018738 0.024769 0.258450
0 0.774427 0.406052 0.016098 0.058604 0.257553
