7 0.861897 0.247095 0.276205 0.181100 0.696352
2 0.322664 0.314553 0.042769 0.050427 0.678121
2 0.180358 0.335940 0.056100 0.051116 0.514834
2 0.515822 0.297205 0.030802 0.027811 0.419677
9 0.861942 0.107242 0.025620 0.105532 0.394651
2 0.614026 0.279183 0.054308 0.035007 0.371499
2 0.278509 0.306861 0.049261 0.077908 0.354411
2 0.445689 0.302489 0.022790 0.023742 0.318452
9 0.830429 0.113997 0.018999 0.071198 0.284965
2 0.172070 0.337045 0.041127 0.050584 0.275579
2 0.471180 0.295799 0.018519 0.023689 0.262378
