2 0.889980 0.508153 0.219356 0.498250 0.861772
2 0.633876 0.427735 0.098024 0.134237 0.856260
2 0.768496 0.444039 0.237915 0.281633 0.822426
2 0.575248 0.420905 0.063806 0.091987 0.680509
2 0.359855 0.400422 0.034073 0.042476 0.620195
2 0.547520 0.407644 0.042980 0.075380 0.482812
2 0.038541 0.409031 0.076877 0.096235 0.474924
2 0.522480 0.396351 0.032128 0.065434 0.414300
2 0.397805 0.399802 0.023085 0.026644 0.378711
2 0.539693 0.408110 0.027810 0.071719 0.324574
2 0.509155 0.400792 0.024021 0.048911 0.252250
