2 0.269676 0.485820 0.105432 0.117747 0.890132
2 0.030012 0.566236 0.059726 0.173340 0.830617
0 0.934869 0.529676 0.053535 0.233073 0.794071
2 0.759831 0.487206 0.069404 0.083991 0.781362
2 0.685008 0.479919 0.076227 0.079608 0.734812
2 0.530176 0.480749 0.038267 0.039563 0.696749
2 0.134534 0.465701 0.074544 0.043069 0.664644
2 0.889543 0.490822 0.043541 0.058481 0.563173
2 0.208232 0.467592 0.027448 0.034877 0.467370
2 0.058082 0.456262 0.054102 0.053942 0.406580
2 0.428755 0.477988 0.031140 0.038674 0.359105
2 0.497949 0.899248 0.980412 0.182503 0.349683
2 0.094023 0.457802 0.038215 0.046569 0.303938
2 0.973590 0.497396 0.049625 0.125522 0.298151
2 0.647862 0.479150 0.036971 0.058909 0.270910
2 0.627397 0.481509 0.023844 0.045333 0.263035
