2 0.923551 0.473332 0.107738 0.122852 0.830303
0 0.379821 0.424332 0.023845 0.104976 0.775943
2 0.836206 0.446612 0.067708 0.091200 0.712270
2 0.018412 0.430855 0.036795 0.068587 0.674254
2 0.769144 0.447730 0.067752 0.076583 0.644392
0 0.294647 0.411540 0.017181 0.087615 0.406230
9 0.423885 0.117083 0.042998 0.065883 0.350193
7 0.623674 0.403895 0.056921 0.114657 0.327907
2 0.522980 0.434380 0.029584 0.039204 0.308117
9 0.431097 0.119198 0.024879 0.063809 0.303012
2 0.554726 0.438293 0.031779 0.036330 0.285005
