2 0.048553 0.496211 0.095924 0.246200 0.859025
0 0.853460 0.545458 0.034349 0.130004 0.835698
2 0.496333 0.482145 0.053289 0.074752 0.835050
2 0.205956 0.465826 0.118318 0.130575 0.805052
2 0.382836 0.505173 0.111713 0.176570 0.790821
2 0.652459 0.579867 0.214835 0.265371 0.758488
2 0.102931 0.468712 0.054770 0.092284 0.740610
9 0.414673 0.302634 0.016868 0.040739 0.635691
9 0.143365 0.210823 0.016240 0.062330 0.558178
2 0.751227 0.509215 0.041195 0.057360 0.521784
9 0.412665 0.306656 0.014737 0.038789 0.405704
2 0.271215 0.452836 0.039671 0.046495 0.389012
2 0.267760 0.443369 0.042591 0.057531 0.327871
2 0.468451 0.465546 0.020396 0.039998 0.324962
2 0.406629 0.894466 0.803777 0.196828 0.283081
2 0.330734 0.436310 0.050755 0.076925 0.262335
