2 0.306345 0.419068 0.039998 0.048645 0.847738
2 0.237081 0.422908 0.049621 0.052646 0.776928
2 0.420428 0.453450 0.079713 0.103407 0.625737
2 0.356704 0.401979 0.025213 0.040329 0.615699
7 0.666559 0.420505 0.098565 0.138096 0.519011
2 0.512561 0.418942 0.050848 0.058993 0.509431
2 0.666671 0.419761 0.097643 0.137592 0.498753
2 0.279185 0.400857 0.025548 0.032366 0.459355
2 0.383423 0.405554 0.017737 0.025075 0.350260
2 0.555144 0.426969 0.040888 0.035542 0.332121
2 0.329870 0.408772 0.020708 0.027544 0.305432
9 0.179167 0.314796 0.015749 0.046875 0.257023
