9 0.678551 0.396228 0.015253 0.062358 0.779583
2 0.469442 0.482577 0.043290 0.064679 0.766045
2 0.718266 0.501280 0.060130 0.092046 0.744960
2 0.786336 0.506163 0.110587 0.137383 0.740121
2 0.861214 0.536709 0.133971 0.157005 0.738577
2 0.224742 0.517164 0.240016 0.250525 0.665772
2 0.937017 0.562081 0.125255 0.313668 0.565014
2 0.644053 0.479280 0.030523 0.039112 0.436836
2 0.413287 0.481090 0.078141 0.102191 0.416814
2 0.694545 0.487458 0.044972 0.075918 0.375626
7 0.224573 0.517494 0.240353 0.247064 0.355351
7 0.394674 0.480726 0.111940 0.102291 0.310515
