2 0.637758 0.420433 0.141744 0.133503 0.851943
2 0.334207 0.375442 0.035056 0.048431 0.789971
2 0.027434 0.396823 0.054867 0.100625 0.766052
2 0.560155 0.403639 0.083234 0.095175 0.731083
2 0.395204 0.375881 0.061355 0.089791 0.694684
2 0.499402 0.393186 0.050166 0.063416 0.600861
2 0.185924 0.372769 0.041610 0.051018 0.568716
2 0.463634 0.377709 0.038095 0.061935 0.420217
2 0.291149 0.362353 0.019172 0.023877 0.340794
2 0.473354 0.385281 0.027659 0.063481 0.294564
2 0.467819 0.382130 0.032536 0.063457 0.286157
2 0.500819 0.842011 0.998363 0.297921 0.281950
7 0.248014 0.351444 0.042872 0.064814 0.281467
2 0.216052 0.360827 0.023748 0.037123 0.258205
2 0.284714 0.361398 0.019608 0.026054 0.256698
2 0.247982 0.351824 0.043498 0.064344 0.255381
