2 0.080740 0.451839 0.139091 0.140471 0.863624
2 0.376970 0.426770 0.052364 0.071761 0.830913
2 0.740979 0.543245 0.486134 0.532755 0.777200
2 0.166908 0.436009 0.069359 0.101842 0.661893
2 0.514868 0.484085 0.101658 0.209038 0.641124
2 0.459606 0.431137 0.031306 0.072411 0.527997
2 0.530598 0.488145 0.074177 0.212435 0.498097
2 0.180417 0.435058 0.041701 0.101024 0.427938
2 0.217904 0.426216 0.069912 0.086426 0.421610
2 0.408315 0.422034 0.019380 0.040008 0.419839
2 0.228520 0.427019 0.050866 0.080732 0.391575
2 0.482257 0.441049 0.039708 0.112146 0.322192
2 0.236217 0.427905 0.035118 0.079700 0.317365
2 0.429243 0.421278 0.026393 0.042315 0.307953
2 0.157061 0.437810 0.045371 0.102535 0.251906
