2 0.589173 0.471176 0.061187 0.091424 0.782313
2 0.367819 0.486638 0.033808 0.045671 0.703305
2 0.045443 0.536291 0.086829 0.079459 0.695842
2 0.547126 0.469152 0.036538 0.051822 0.653180
2 0.485184 0.475159 0.040403 0.057285 0.610887
2 0.137016 0.525178 0.058691 0.053622 0.531020
2 0.640247 0.454102 0.052106 0.056471 0.513350
2 0.959803 0.404783 0.043208 0.045442 0.392336
9 0.873223 0.303157 0.024366 0.094148 0.384158
2 0.181754 0.523745 0.031479 0.039524 0.345734
2 0.418213 0.479464 0.022957 0.033252 0.284415
2 0.501225 0.892082 0.997549 0.188105 0.271094
