5 0.859393 0.436878 0.279520 0.867325 0.817818
2 0.227506 0.537601 0.073304 0.068979 0.679965
2 0.087927 0.549376 0.090215 0.064727 0.495485
2 0.008783 0.564142 0.017469 0.063742 0.460342
2 0.327690 0.519279 0.033906 0.030648 0.384971
2 0.284309 0.521948 0.043945 0.063405 0.287417
2 0.100383 0.546362 0.058045 0.062463 0.278209
2 0.384798 0.519203 0.020982 0.016894 0.263220
2 0.437381 0.514824 0.020416 0.023715 0.259745
2 0.385385 0.515627 0.019282 0.022329 0.258519
2 0.107989 0.545528 0.082010 0.062808 0.255135
