2 0.073453 0.579798 0.146638 0.403863 0.873055
2 0.265830 0.426408 0.081501 0.090645 0.837393
2 0.899334 0.605947 0.199859 0.437577 0.823306
2 0.498428 0.430906 0.071891 0.101758 0.807905
2 0.341368 0.423092 0.047864 0.055853 0.735819
2 0.427256 0.421692 0.039029 0.042893 0.704647
2 0.594697 0.414116 0.056871 0.081072 0.659459
0 0.187544 0.427370 0.017057 0.071625 0.613941
2 0.379722 0.422230 0.037763 0.043877 0.602008
9 0.367418 0.169039 0.015068 0.057781 0.586155
9 0.594788 0.120063 0.033695 0.071165 0.568200
2 0.742670 0.423065 0.062922 0.063091 0.527008
2 0.693562 0.428705 0.041628 0.048808 0.512493
9 0.382811 0.169656 0.011982 0.056424 0.503485
7 0.829116 0.400879 0.088826 0.111905 0.414482
9 0.600037 0.120042 0.022804 0.070588 0.392969
7 0.595111 0.414962 0.059171 0.080973 0.357634
2 0.738341 0.418778 0.049825 0.057214 0.307780
0 0.126323 0.429631 0.019639 0.096888 0.268679
2 0.653945 0.435430 0.027010 0.034419 0.262525
9 0.378082 0.167867 0.023260 0.057928 0.254552
