0 0.168270 0.401855 0.031395 0.130228 0.723169
2 0.364379 0.369297 0.081830 0.110975 0.710029
0 0.679456 0.300979 0.020291 0.078258 0.623033
5 0.553875 0.276628 0.057773 0.125043 0.508476
2 0.430649 0.332843 0.032932 0.051165 0.446021
2 0.407649 0.345246 0.031550 0.089472 0.433024
2 0.476348 0.309415 0.019414 0.024749 0.421017
2 0.426968 0.337875 0.028684 0.052406 0.348200
0 0.287743 0.354630 0.019335 0.054982 0.338331
0 0.910507 0.207979 0.177441 0.404220 0.312938
2 0.422597 0.341623 0.025351 0.063776 0.287719
2 0.437997 0.332184 0.032488 0.051030 0.274448
