2 0.026213 0.533140 0.052360 0.124051 0.868833
2 0.549785 0.585272 0.256481 0.329455 0.860160
0 0.853821 0.554731 0.120600 0.447279 0.816631
2 0.330577 0.535649 0.128840 0.177202 0.785417
2 0.242870 0.520205 0.070759 0.108990 0.757162
2 0.798931 0.509164 0.275711 0.281530 0.606386
2 0.407725 0.502126 0.062028 0.087563 0.552362
2 0.653435 0.472070 0.069329 0.065788 0.447775
2 0.750049 0.508557 0.179668 0.264258 0.438342
2 0.137694 0.517820 0.047919 0.071991 0.379085
0 0.975077 0.404413 0.049389 0.169146 0.336054
2 0.949690 0.559558 0.100369 0.449577 0.277040
2 0.395865 0.501411 0.041038 0.086434 0.262711
