2 0.110577 0.763723 0.220826 0.368365 0.880829
2 0.252844 0.705028 0.143110 0.186211 0.847279
2 0.802364 0.717741 0.394389 0.464271 0.797274
2 0.591857 0.677807 0.090178 0.170370 0.777406
2 0.437684 0.674020 0.110215 0.168549 0.756108
2 0.333986 0.663965 0.081421 0.116479 0.715448
2 0.966348 0.904977 0.066211 0.182269 0.681230
7 0.106398 0.584142 0.187971 0.174312 0.497202
9 0.588547 0.400935 0.016438 0.046745 0.493508
2 0.370254 0.637472 0.029148 0.066571 0.483430
2 0.509786 0.629019 0.035983 0.073014 0.455779
2 0.253993 0.591132 0.075223 0.051428 0.401499
2 0.364502 0.640203 0.027070 0.069839 0.328851
