2 0.168776 0.600552 0.126835 0.146686 0.864383
2 0.926656 0.635762 0.145784 0.304992 0.846191
2 0.057776 0.621228 0.115245 0.193751 0.832684
0 0.697469 0.622670 0.043085 0.208194 0.786342
2 0.799541 0.637212 0.189364 0.208580 0.750247
2 0.254910 0.600299 0.057103 0.090320 0.735119
2 0.301199 0.590006 0.057070 0.080003 0.678208
2 0.611500 0.596119 0.068192 0.071636 0.605856
2 0.358039 0.581185 0.028918 0.054552 0.550645
2 0.336372 0.587588 0.028148 0.060614 0.508298
2 0.443657 0.574089 0.024991 0.028689 0.396910
2 0.385585 0.582344 0.034213 0.042753 0.394248
2 0.536861 0.577933 0.023527 0.038030 0.368094
2 0.416716 0.573245 0.025318 0.040659 0.354561
