2 0.748702 0.592266 0.196377 0.132081 0.854340
2 0.045923 0.595480 0.091612 0.106462 0.827739
0 0.117912 0.590074 0.026034 0.115163 0.687609
7 0.967263 0.556233 0.064589 0.143840 0.588512
9 0.247308 0.302204 0.021777 0.063286 0.426527
9 0.560943 0.135082 0.027063 0.102144 0.423206
7 0.877116 0.578866 0.104126 0.109247 0.403982
2 0.650317 0.588836 0.110363 0.099757 0.387768
9 0.567805 0.132289 0.039164 0.105483 0.358829
9 0.253199 0.304721 0.033030 0.065848 0.344171
2 0.877514 0.578684 0.098773 0.109080 0.338606
9 0.580307 0.131583 0.019656 0.105439 0.334428
9 0.598215 0.131445 0.025605 0.100166 0.282073
