2 0.100280 0.564204 0.200303 0.319109 0.889494
2 0.585489 0.498864 0.138756 0.160356 0.864089
2 0.508508 0.468583 0.066325 0.094102 0.766505
2 0.202104 0.509080 0.142204 0.174510 0.763506
2 0.449144 0.394424 0.041162 0.039648 0.717968
11 0.535661 0.340541 0.020821 0.040415 0.639927
2 0.937762 0.690618 0.123541 0.408818 0.625704
0 0.416330 0.443449 0.016651 0.074675 0.558383
2 0.316974 0.460712 0.061649 0.105051 0.541674
2 0.254959 0.488075 0.071642 0.129365 0.388078
2 0.308114 0.469643 0.066875 0.111176 0.387576
2 0.040390 0.374558 0.075020 0.054744 0.362556
2 0.167971 0.386179 0.073511 0.048216 0.316237
2 0.360102 0.387303 0.039263 0.046614 0.264962
