2 0.650411 0.562034 0.446769 0.430595 0.907420
0 0.980199 0.461516 0.039018 0.179013 0.696189
0 0.106673 0.415928 0.026574 0.079138 0.618055
2 0.403423 0.440112 0.059166 0.058710 0.606628
0 0.066938 0.410698 0.038294 0.096431 0.594878
0 0.882312 0.460391 0.035350 0.184560 0.506654
0 0.194830 0.417258 0.023209 0.055895 0.488580
5 0.586164 0.302645 0.283001 0.336410 0.466218
0 0.243627 0.413794 0.019416 0.057067 0.396205
2 0.486180 0.868844 0.968667 0.237658 0.362288
0 0.164480 0.416269 0.021572 0.067755 0.361676
0 0.877807 0.452238 0.025911 0.155048 0.325636
0 0.888020 0.460909 0.024880 0.189053 0.283632
0 0.218039 0.419693 0.020243 0.048635 0.273801
0 0.106309 0.439023 0.028512 0.126286 0.258760
