2 0.410032 0.573385 0.065313 0.138688 0.780958
5 0.715061 0.489912 0.565590 0.973436 0.766089
2 0.358064 0.522901 0.036280 0.042567 0.628025
2 0.330153 0.506830 0.027305 0.040222 0.514472
9 0.144829 0.301400 0.022729 0.057814 0.457168
9 0.408344 0.339120 0.013159 0.042816 0.427785
2 0.025929 0.494770 0.047219 0.056333 0.400226
2 0.070890 0.494718 0.053067 0.065730 0.380811
9 0.195727 0.358730 0.007890 0.029900 0.375011
2 0.310943 0.500392 0.030903 0.039069 0.366271
2 0.316900 0.503729 0.042596 0.042559 0.347189
7 0.715851 0.486101 0.564173 0.968001 0.339397
2 0.396564 0.525295 0.037651 0.053135 0.271860
