2 0.821690 0.511942 0.196058 0.236964 0.904413
2 0.918251 0.590463 0.161827 0.404506 0.831253
7 0.364681 0.394264 0.102705 0.234232 0.701028
2 0.231557 0.434289 0.034462 0.039635 0.629094
0 0.161056 0.436161 0.018883 0.106915 0.592763
5 0.576218 0.478498 0.312660 0.402366 0.517067
0 0.141227 0.435174 0.019778 0.113693 0.508943
0 0.109101 0.449012 0.020604 0.141998 0.460757
2 0.270976 0.431599 0.031989 0.042876 0.446593
2 0.038123 0.387613 0.076247 0.118787 0.426027
0 0.091326 0.433222 0.019969 0.103930 0.425346
2 0.303485 0.431053 0.033790 0.055038 0.392664
0 0.137754 0.443216 0.018964 0.129977 0.369735
7 0.037722 0.386830 0.075080 0.120377 0.347180
2 0.576859 0.479403 0.311896 0.403461 0.299334
0 0.108134 0.433791 0.016751 0.108398 0.298651
0 0.087680 0.431932 0.020939 0.106057 0.277620
5 0.037567 0.387634 0.074858 0.119107 0.263257
