10 0.053963 0.908095 0.105329 0.183811 0.814823
2 0.047885 0.470836 0.095545 0.359904 0.799876
2 0.250922 0.385271 0.051771 0.065610 0.785512
2 0.939494 0.590844 0.120002 0.179446 0.757396
2 0.693157 0.489984 0.146543 0.157171 0.709417
2 0.854652 0.550757 0.109607 0.120397 0.678939
0 0.590489 0.456726 0.025445 0.116258 0.648639
2 0.349703 0.385556 0.029334 0.047914 0.480963
2 0.405650 0.394596 0.023669 0.033262 0.471432
2 0.622207 0.459823 0.045533 0.079208 0.464317
2 0.076440 0.360039 0.075151 0.102369 0.447615
2 0.791805 0.519095 0.090213 0.119166 0.446673
2 0.149947 0.373452 0.048472 0.061216 0.445997
2 0.384357 0.387365 0.026347 0.040870 0.417262
2 0.285177 0.370758 0.021032 0.028295 0.257599
