0 0.601923 0.585869 0.033217 0.137585 0.834327
0 0.677868 0.589281 0.033193 0.151463 0.730063
0 0.563675 0.569809 0.029449 0.123264 0.689487
0 0.150132 0.612539 0.029484 0.129199 0.670979
0 0.392879 0.591739 0.043720 0.159263 0.658910
0 0.208138 0.650489 0.047310 0.197796 0.656771
0 0.038548 0.616333 0.029279 0.167197 0.651091
0 0.640115 0.579310 0.024007 0.112874 0.596579
0 0.008850 0.609731 0.017700 0.135827 0.495131
0 0.391490 0.591550 0.029140 0.144059 0.382231
9 0.209825 0.231272 0.035213 0.123913 0.346425
