2 0.526794 0.558881 0.099294 0.124028 0.877913
9 0.311671 0.094654 0.032949 0.126578 0.745266
9 0.531931 0.049684 0.026044 0.095933 0.708944
2 0.271945 0.599320 0.027821 0.041955 0.628473
2 0.386374 0.568464 0.054989 0.095140 0.531523
2 0.296219 0.584149 0.024164 0.032511 0.453025
9 0.426520 0.072855 0.024505 0.057820 0.387870
9 0.029639 0.475343 0.019294 0.040471 0.347676
9 0.024394 0.472962 0.016134 0.042253 0.285922
9 0.355227 0.119000 0.011336 0.038774 0.279787
2 0.318540 0.576731 0.016099 0.024450 0.269668
9 0.034001 0.477671 0.017867 0.046046 0.269022
2 0.808481 0.402086 0.024825 0.024367 0.267245
