2 0.541064 0.299962 0.171515 0.127147 0.879569
2 0.809763 0.294665 0.171902 0.122839 0.834137
2 0.707349 0.272484 0.064088 0.049468 0.644987
2 0.218895 0.260613 0.059749 0.043590 0.614682
2 0.927915 0.271825 0.061741 0.054628 0.394625
2 0.445808 0.265735 0.055922 0.037673 0.350623
2 0.628804 0.268005 0.033866 0.034841 0.320905
2 0.024499 0.244984 0.027380 0.037483 0.296864
2 0.500671 0.817513 0.989128 0.364973 0.279519
2 0.060279 0.246790 0.023769 0.034813 0.279165
2 0.451243 0.262306 0.068583 0.044483 0.251777
