2 0.326949 0.486266 0.099618 0.131348 0.806598
2 0.849469 0.598940 0.300949 0.352334 0.775081
2 0.559169 0.486678 0.052792 0.084431 0.774526
2 0.162547 0.518973 0.270440 0.273516 0.759726
2 0.471248 0.482470 0.040302 0.053827 0.756486
2 0.605797 0.505667 0.068925 0.115024 0.726566
2 0.409068 0.482085 0.028485 0.052350 0.519567
2 0.375716 0.473358 0.045077 0.091057 0.461084
2 0.731142 0.499913 0.155526 0.231938 0.435421
7 0.714158 0.494646 0.186759 0.221838 0.388339
9 0.056417 0.102077 0.023397 0.052470 0.373344
2 0.431997 0.467477 0.020703 0.030697 0.331715
