2 0.878483 0.711241 0.242649 0.443342 0.826248
2 0.737328 0.596010 0.148453 0.218990 0.804875
2 0.369937 0.546068 0.069475 0.092848 0.748765
2 0.187479 0.645455 0.372430 0.377458 0.734667
2 0.440907 0.554481 0.082086 0.118482 0.709341
2 0.605956 0.508382 0.039307 0.053921 0.545157
2 0.656594 0.564068 0.070113 0.114514 0.530357
2 0.498766 0.509603 0.024543 0.031340 0.476981
2 0.628685 0.536887 0.039524 0.097706 0.469118
2 0.429149 0.490204 0.047423 0.048087 0.357233
2 0.677052 0.544641 0.112627 0.148755 0.335242
2 0.538719 0.935787 0.907838 0.113704 0.258605
