2 0.441404 0.473344 0.089752 0.136800 0.813757
2 0.114510 0.455378 0.079667 0.073763 0.776035
2 0.205033 0.446899 0.086081 0.102468 0.772755
2 0.366450 0.456594 0.048017 0.063632 0.727563
2 0.591556 0.469009 0.102815 0.066618 0.484707
2 0.532385 0.889504 0.929998 0.196997 0.476537
2 0.676286 0.464848 0.024942 0.052032 0.456807
2 0.973195 0.457990 0.050431 0.053037 0.432839
2 0.814212 0.457443 0.064244 0.058461 0.415277
2 0.575024 0.465407 0.078122 0.057952 0.374221
7 0.495773 0.430925 0.060590 0.104469 0.355015
2 0.284640 0.445407 0.060022 0.047428 0.341895
2 0.326704 0.443690 0.030549 0.043820 0.282125
2 0.390834 0.451572 0.024699 0.050598 0.250608
