2 0.755685 0.361422 0.139328 0.152371 0.855679
2 0.636827 0.302430 0.054195 0.071169 0.748163
2 0.685992 0.322144 0.091346 0.114529 0.729613
2 0.586324 0.283303 0.024405 0.046951 0.528496
2 0.623352 0.301439 0.030757 0.067526 0.386492
2 0.506439 0.245527 0.015558 0.033508 0.333226
2 0.651414 0.304934 0.028855 0.076953 0.307234
2 0.591188 0.287936 0.021019 0.050727 0.303474
2 0.601460 0.293022 0.024369 0.056096 0.286694
2 0.564143 0.270814 0.020634 0.050507 0.278523
2 0.598358 0.292403 0.020642 0.049056 0.269628
2 0.561724 0.269263 0.019962 0.043438 0.259085
