2 0.936729 0.515468 0.126203 0.116950 0.876113
2 0.376681 0.485095 0.071125 0.097683 0.816743
2 0.826275 0.485227 0.121046 0.117176 0.643920
2 0.435914 0.464875 0.023118 0.028054 0.611844
2 0.465178 0.465283 0.025090 0.037606 0.501863
2 0.028522 0.473394 0.056464 0.053066 0.421573
2 0.597251 0.466384 0.019346 0.025591 0.389415
2 0.178690 0.467116 0.032371 0.028362 0.354522
2 0.083482 0.470160 0.031960 0.036880 0.326198
2 0.512753 0.896680 0.974495 0.191717 0.306674
2 0.111375 0.472888 0.029385 0.032147 0.304416
2 0.074279 0.470944 0.049286 0.039734 0.295584
2 0.190976 0.467891 0.042265 0.026834 0.287562
