2 0.218220 0.547745 0.380346 0.432196 0.916336
2 0.530004 0.469344 0.102059 0.134850 0.863845
2 0.926615 0.683521 0.146185 0.396100 0.718950
2 0.597774 0.442781 0.094401 0.088491 0.713175
2 0.041685 0.436808 0.083232 0.120791 0.676633
7 0.716583 0.442038 0.110928 0.094421 0.574478
2 0.880903 0.472263 0.123365 0.221847 0.480170
2 0.716207 0.442040 0.110664 0.095192 0.341358
2 0.637991 0.445040 0.053432 0.068379 0.314356
2 0.909476 0.470868 0.180049 0.228336 0.278770
2 0.511563 0.900762 0.973572 0.178493 0.268870
2 0.027577 0.437616 0.055154 0.109545 0.250345
