2 0.126152 0.414072 0.251390 0.341408 0.911144
2 0.851418 0.457096 0.296658 0.297469 0.901131
2 0.383814 0.327841 0.045045 0.063524 0.832261
2 0.459187 0.354204 0.065391 0.094584 0.693199
2 0.725693 0.369203 0.096503 0.119890 0.598305
2 0.618604 0.363201 0.132489 0.170988 0.558702
7 0.616770 0.362237 0.132802 0.171989 0.549780
2 0.510673 0.342333 0.048543 0.073992 0.546754
2 0.547929 0.353767 0.037629 0.088689 0.428756
7 0.584749 0.304394 0.110579 0.175239 0.413450
2 0.414087 0.323173 0.026444 0.040717 0.329755
