2 0.132774 0.540342 0.111192 0.134839 0.880266
2 0.042932 0.547806 0.085681 0.177531 0.857004
2 0.609922 0.572958 0.129261 0.164164 0.813570
2 0.518292 0.500938 0.082215 0.110107 0.688309
2 0.203751 0.522078 0.064841 0.086427 0.675875
2 0.814153 0.661167 0.370804 0.451161 0.663002
2 0.260638 0.507923 0.053114 0.058033 0.600773
2 0.331563 0.491741 0.026875 0.033058 0.535975
2 0.553486 0.542339 0.075050 0.109131 0.518814
2 0.469626 0.472694 0.037774 0.072038 0.494303
7 0.814436 0.659291 0.370435 0.446913 0.412177
2 0.952818 0.883673 0.093891 0.213017 0.276040
2 0.583847 0.917215 0.823950 0.158211 0.262133
