2 0.332875 0.401462 0.034444 0.059885 0.755699
2 0.298754 0.413041 0.050641 0.074468 0.746721
2 0.899089 0.453475 0.058559 0.054696 0.720990
2 0.948861 0.458655 0.041007 0.043248 0.698344
2 0.841086 0.453711 0.061013 0.058591 0.687325
2 0.982384 0.462360 0.034424 0.042950 0.558628
2 0.363668 0.387773 0.021785 0.040613 0.430204
2 0.265242 0.401851 0.024385 0.059685 0.429996
7 0.456159 0.409107 0.076654 0.109340 0.394295
2 0.409434 0.389375 0.029644 0.072944 0.355351
2 0.456648 0.409456 0.077490 0.111174 0.254991
9 0.707655 0.074218 0.013363 0.065890 0.251246
