2 0.450965 0.578809 0.068317 0.097505 0.879086
2 0.531323 0.538446 0.040298 0.062618 0.782942
2 0.311830 0.522412 0.038240 0.060369 0.731810
2 0.194403 0.563611 0.101178 0.112324 0.728480
2 0.471583 0.535469 0.037554 0.058763 0.663504
2 0.340288 0.510990 0.027788 0.046537 0.646857
2 0.258654 0.545195 0.043452 0.083796 0.630893
2 0.289498 0.540022 0.029965 0.065364 0.612080
7 0.951778 0.697075 0.095675 0.089142 0.538308
2 0.251761 0.548181 0.033303 0.085590 0.451978
2 0.460012 0.487294 0.015029 0.021274 0.399174
2 0.508942 0.518898 0.026831 0.053767 0.398783
10 0.823352 0.659716 0.025822 0.084768 0.389941
2 0.340356 0.504948 0.037615 0.048380 0.331581
2 0.349467 0.502014 0.038641 0.043241 0.298419
2 0.364952 0.502589 0.011709 0.035031 0.294558
2 0.371246 0.500720 0.018917 0.034370 0.292560
2 0.395602 0.489567 0.015244 0.020308 0.277999
2 0.383851 0.492900 0.015779 0.026257 0.272157
