2 0.594654 0.537310 0.086929 0.109350 0.872760
2 0.536578 0.533868 0.053556 0.082173 0.801757
2 0.339280 0.545221 0.049370 0.071069 0.623013
2 0.504071 0.541613 0.020164 0.038472 0.622190
2 0.281879 0.547138 0.087307 0.094550 0.529164
2 0.392899 0.545940 0.032259 0.041259 0.518175
2 0.373461 0.541547 0.028823 0.062994 0.400029
7 0.282201 0.548782 0.086530 0.096445 0.353249
7 0.204767 0.525626 0.077707 0.164231 0.327572
2 0.420457 0.549079 0.017755 0.024590 0.307679
7 0.147033 0.533595 0.193460 0.181967 0.304624
2 0.427692 0.548105 0.029890 0.025603 0.275479
2 0.500427 0.875195 0.995554 0.220037 0.265495
