2 0.442332 0.610073 0.054679 0.078239 0.743978
2 0.930875 0.782018 0.136967 0.138258 0.657747
0 0.858842 0.744989 0.020188 0.104112 0.568457
9 0.100923 0.218914 0.020938 0.061785 0.524218
0 0.917397 0.720400 0.022791 0.052581 0.394353
2 0.194835 0.520347 0.050309 0.040743 0.386156
0 0.808253 0.704857 0.022706 0.099939 0.380898
9 0.117362 0.332738 0.009441 0.036923 0.379370
0 0.606071 0.654175 0.026138 0.096752 0.373065
2 0.101468 0.504120 0.041956 0.030743 0.369052
0 0.982687 0.835559 0.033668 0.278446 0.340839
2 0.025724 0.480820 0.045570 0.038563 0.335478
9 0.078436 0.216443 0.028067 0.059203 0.323469
0 0.989912 0.832359 0.019394 0.237809 0.298953
2 0.504739 0.632312 0.037115 0.065922 0.253024
2 0.504111 0.620296 0.033269 0.044819 0.251704
