7 0.742529 0.517347 0.243479 0.338962 0.916516
2 0.956932 0.615063 0.085475 0.104452 0.809755
2 0.451689 0.569747 0.049118 0.067490 0.677556
2 0.378588 0.572122 0.046684 0.061894 0.658709
2 0.007155 0.614097 0.014199 0.125902 0.567700
2 0.484616 0.563711 0.020229 0.032169 0.388600
2 0.416981 0.565121 0.028414 0.042059 0.378365
7 0.570953 0.523404 0.114039 0.159303 0.339910
2 0.606519 0.570995 0.032767 0.070603 0.338199
2 0.324722 0.571083 0.021312 0.032941 0.334994
2 0.307096 0.559862 0.022506 0.028962 0.308665
