2 0.196791 0.377793 0.097955 0.107582 0.819847
2 0.691602 0.435339 0.233787 0.278309 0.811857
2 0.321271 0.385863 0.085204 0.114004 0.790744
2 0.869275 0.419311 0.260106 0.495777 0.779802
2 0.246819 0.359440 0.065090 0.097980 0.708842
2 0.558367 0.408477 0.081654 0.115711 0.673587
2 0.460849 0.373855 0.030932 0.062107 0.481534
2 0.012901 0.463925 0.025782 0.235175 0.467196
2 0.531939 0.394454 0.061786 0.107154 0.435734
2 0.473054 0.378589 0.031523 0.069784 0.435613
2 0.497461 0.378793 0.039658 0.089424 0.407864
2 0.450316 0.370910 0.026661 0.051884 0.377012
2 0.506958 0.380287 0.055999 0.094762 0.364863
3 0.401408 0.394116 0.029326 0.057285 0.352902
2 0.366805 0.359316 0.020035 0.035920 0.339414
0 0.025836 0.402860 0.019791 0.092294 0.337590
2 0.425928 0.364508 0.030585 0.048051 0.332817
2 0.278273 0.344713 0.034978 0.062135 0.328077
0 0.402336 0.387955 0.026607 0.064585 0.303516
2 0.491920 0.379082 0.034981 0.082298 0.285887
2 0.522582 0.382105 0.076463 0.096531 0.284104
2 0.424084 0.357956 0.035858 0.056399 0.278308
2 0.366840 0.357267 0.026277 0.043290 0.276063
