2 0.295922 0.663328 0.082405 0.104241 0.862487
2 0.562978 0.630721 0.051086 0.073834 0.813617
2 0.635666 0.646671 0.082832 0.097524 0.796072
2 0.351861 0.649117 0.041543 0.064707 0.791682
2 0.534346 0.626852 0.028585 0.060579 0.648687
2 0.166750 0.694273 0.166187 0.197662 0.645104
2 0.508362 0.619499 0.030887 0.045852 0.632286
2 0.471202 0.607718 0.021125 0.020757 0.550019
2 0.415141 0.623565 0.023244 0.029667 0.541463
2 0.257587 0.639462 0.032258 0.049439 0.400775
2 0.042995 0.673690 0.085087 0.117040 0.356880
11 0.012060 0.464763 0.024045 0.103595 0.315497
