0 0.798985 0.503189 0.063370 0.232012 0.878956
2 0.310489 0.393120 0.075274 0.072373 0.811365
2 0.634704 0.445282 0.078901 0.126836 0.765764
2 0.716087 0.472963 0.153776 0.178722 0.744876
9 0.549396 0.081064 0.017262 0.066766 0.676208
9 0.543721 0.082540 0.025826 0.065374 0.627501
2 0.354026 0.385804 0.048040 0.067354 0.625305
5 0.538447 0.378254 0.055169 0.093961 0.562501
7 0.434303 0.368004 0.039690 0.068871 0.453753
9 0.538433 0.083450 0.024760 0.061308 0.417482
2 0.469733 0.378619 0.020714 0.025850 0.412787
2 0.740939 0.482260 0.204553 0.198112 0.341532
2 0.340042 0.390331 0.026353 0.068561 0.276238
2 0.434474 0.368462 0.038830 0.067622 0.273212
2 0.477482 0.381712 0.013719 0.023748 0.263953
2 0.393864 0.387761 0.028786 0.032323 0.251317
