2 0.903530 0.397534 0.098095 0.107179 0.900520
2 0.467578 0.422708 0.054909 0.067604 0.838879
2 0.988279 0.384942 0.022763 0.097556 0.820208
2 0.092043 0.441425 0.033665 0.036223 0.654070
9 0.197465 0.096904 0.028051 0.073023 0.640038
2 0.163721 0.441325 0.082277 0.052739 0.630504
0 0.727251 0.390264 0.022871 0.076127 0.603980
2 0.231486 0.428490 0.050849 0.037645 0.600731
9 0.071321 0.182398 0.023039 0.053886 0.596268
0 0.708373 0.395603 0.020130 0.071158 0.594504
0 0.529391 0.404496 0.010113 0.033897 0.504012
2 0.014370 0.449920 0.028642 0.053842 0.476869
2 0.262832 0.422641 0.031725 0.031295 0.430826
0 0.831441 0.366805 0.018039 0.031347 0.405746
2 0.292826 0.420431 0.017489 0.024805 0.330413
2 0.222052 0.428634 0.063374 0.039248 0.294276
2 0.278061 0.422927 0.017738 0.023826 0.291351
7 0.453490 0.392502 0.037616 0.088172 0.278588
2 0.206837 0.430453 0.044452 0.041587 0.272675
2 0.113027 0.438972 0.018282 0.033598 0.269901
