2 0.856004 0.582165 0.224789 0.207296 0.910856
2 0.393284 0.556212 0.056762 0.070287 0.858092
2 0.724691 0.572798 0.079410 0.104913 0.852358
2 0.593800 0.565050 0.085064 0.104107 0.838170
2 0.471547 0.544986 0.035802 0.044469 0.834191
2 0.271130 0.555484 0.063937 0.076070 0.828197
2 0.326850 0.549140 0.039693 0.047265 0.774749
2 0.508148 0.533206 0.026265 0.040035 0.766080
2 0.662125 0.541017 0.055525 0.065811 0.736034
2 0.427946 0.536953 0.026569 0.026826 0.632919
7 0.527502 0.518328 0.028270 0.050406 0.309591
2 0.430802 0.536188 0.025607 0.031853 0.295211
10 0.039289 0.565510 0.020280 0.108182 0.286655
2 0.496659 0.916099 0.991552 0.134785 0.283283
