2 0.207584 0.380074 0.305947 0.328906 0.910059
2 0.550106 0.384965 0.157814 0.259564 0.875647
2 0.739595 0.375529 0.172587 0.200887 0.867566
2 0.849723 0.352556 0.053873 0.082438 0.826306
0 0.917209 0.362574 0.037025 0.166887 0.806455
7 0.606034 0.303086 0.089008 0.164644 0.803124
2 0.387784 0.340916 0.036800 0.052058 0.775844
0 0.021809 0.352614 0.020341 0.097936 0.774642
2 0.975127 0.508270 0.048837 0.299960 0.773133
9 0.531376 0.144232 0.016407 0.042570 0.613752
2 0.470895 0.342061 0.030776 0.051366 0.589598
2 0.421710 0.338745 0.027890 0.039441 0.569483
9 0.770053 0.036950 0.034739 0.073631 0.419713
2 0.441798 0.324849 0.019579 0.021818 0.375614
9 0.231189 0.085005 0.027252 0.069865 0.362027
2 0.363882 0.339342 0.021084 0.044347 0.345252
2 0.349740 0.347473 0.027728 0.064688 0.306514
9 0.237401 0.079225 0.018991 0.060283 0.300817
2 0.353665 0.348374 0.024012 0.060415 0.293838
2 0.496734 0.828229 0.990423 0.297709 0.266169
2 0.359092 0.341530 0.017155 0.049605 0.257514
