2 0.365691 0.436943 0.091408 0.112036 0.876035
2 0.489612 0.436860 0.114943 0.193666 0.862325
2 0.582776 0.419855 0.087693 0.080617 0.835840
9 0.604426 0.189619 0.013163 0.049279 0.819010
9 0.316301 0.254652 0.010315 0.038354 0.803983
9 0.386421 0.236460 0.010908 0.043783 0.723825
9 0.488204 0.207072 0.013246 0.053499 0.564846
9 0.512127 0.216413 0.008392 0.031591 0.552861
2 0.500583 0.864100 0.993985 0.246214 0.518056
9 0.585103 0.283631 0.009284 0.041765 0.439707
2 0.618073 0.410271 0.043588 0.067320 0.332445
9 0.504591 0.204076 0.013965 0.055658 0.266287
