2 0.125752 0.490788 0.251504 0.403278 0.907709
2 0.800732 0.478304 0.311201 0.361100 0.860495
2 0.439307 0.357704 0.056446 0.080504 0.783791
9 0.940395 0.078408 0.042948 0.139229 0.762729
0 0.983172 0.422325 0.033100 0.248737 0.749367
2 0.329353 0.349239 0.104719 0.151696 0.713911
2 0.213745 0.335083 0.058956 0.069780 0.639082
9 0.976271 0.189229 0.024723 0.060871 0.524090
2 0.397291 0.330425 0.027963 0.043107 0.512882
0 0.952354 0.373268 0.033700 0.132691 0.448119
2 0.268599 0.329165 0.028868 0.049826 0.431480
2 0.204263 0.332557 0.051873 0.065465 0.406112
9 0.192081 0.167570 0.015062 0.057914 0.332200
