2 0.186312 0.743866 0.094763 0.132423 0.891797
2 0.073358 0.713489 0.065066 0.062429 0.803452
2 0.240490 0.698341 0.025191 0.033605 0.644607
2 0.125202 0.712209 0.044027 0.046643 0.579225
2 0.272912 0.697625 0.026335 0.029226 0.540798
2 0.014078 0.718447 0.027921 0.066455 0.521799
2 0.294859 0.701668 0.018115 0.028253 0.481897
2 0.116741 0.712450 0.026405 0.043772 0.406645
2 0.305501 0.698506 0.027523 0.035083 0.402952
2 0.300733 0.700584 0.029854 0.032631 0.263670
2 0.328338 0.687432 0.023495 0.030117 0.252175
