2 0.888039 0.605286 0.223409 0.476442 0.893290
0 0.214187 0.502542 0.026798 0.146416 0.766691
2 0.322644 0.499807 0.104002 0.125368 0.651281
7 0.719866 0.546373 0.274127 0.294169 0.625665
2 0.393329 0.467652 0.056590 0.065975 0.553850
2 0.497638 0.877468 0.988370 0.228902 0.504483
2 0.591838 0.509709 0.059445 0.139817 0.492387
2 0.484200 0.478790 0.029118 0.034987 0.403902
2 0.581450 0.509531 0.040620 0.135669 0.294719
0 0.516337 0.495216 0.021873 0.087444 0.278622
0 0.542817 0.501630 0.015815 0.083157 0.259148
2 0.347124 0.496264 0.072606 0.117823 0.252323
