2 0.662306 0.386992 0.093769 0.111689 0.885715
2 0.501376 0.854165 0.994575 0.267968 0.811877
2 0.088294 0.310939 0.072322 0.040045 0.789148
2 0.543981 0.354685 0.042108 0.060920 0.788596
2 0.328572 0.317666 0.029654 0.028614 0.776910
2 0.449662 0.304265 0.020554 0.034207 0.735621
2 0.976949 0.388963 0.045312 0.165242 0.657852
2 0.575300 0.327663 0.024347 0.033365 0.653197
7 0.192968 0.320016 0.076835 0.065305 0.605626
2 0.422256 0.292027 0.023159 0.028299 0.480718
2 0.193188 0.320085 0.076011 0.065023 0.467061
2 0.540603 0.313565 0.020203 0.022085 0.322801
2 0.601448 0.316485 0.018335 0.018367 0.309197
2 0.554162 0.315699 0.021004 0.024109 0.278043
2 0.381827 0.314492 0.023716 0.037275 0.276843
