2 0.770435 0.371468 0.117830 0.099514 0.928469
0 0.090755 0.395457 0.070533 0.321653 0.870893
2 0.698552 0.360634 0.063052 0.073559 0.816721
2 0.236122 0.351175 0.043713 0.044238 0.798381
9 0.963510 0.045940 0.023111 0.087769 0.797805
7 0.146264 0.323797 0.073232 0.151545 0.775299
2 0.621169 0.356338 0.058268 0.063499 0.765891
2 0.196813 0.351923 0.038792 0.057213 0.756276
2 0.015966 0.362217 0.031540 0.090890 0.754693
2 0.290810 0.343052 0.032329 0.041231 0.733908
2 0.525394 0.339239 0.029866 0.043833 0.695604
7 0.113987 0.324458 0.137455 0.157738 0.649039
2 0.661391 0.355648 0.033106 0.058106 0.640923
2 0.477286 0.336891 0.026380 0.042619 0.624476
2 0.347510 0.340193 0.024144 0.022326 0.598140
2 0.499583 0.794511 0.993172 0.369997 0.508713
2 0.438363 0.328696 0.018279 0.021535 0.493484
2 0.559170 0.336926 0.026070 0.043758 0.425519
2 0.506746 0.339981 0.017382 0.031917 0.419721
28 0.033770 0.469457 0.067243 0.126002 0.397141
2 0.436981 0.332921 0.018262 0.020754 0.348266
2 0.454747 0.331483 0.018747 0.032612 0.347652
2 0.254418 0.336614 0.014458 0.026291 0.332182
2 0.412290 0.337088 0.020720 0.020054 0.329716
2 0.602506 0.341399 0.032798 0.055865 0.325329
2 0.392351 0.336914 0.023053 0.022143 0.303022
2 0.388084 0.339049 0.021301 0.020624 0.261994
