2 0.041173 0.733569 0.081746 0.283614 0.885347
7 0.077922 0.542681 0.123443 0.147550 0.822699
2 0.440324 0.550870 0.053044 0.078016 0.814994
2 0.260894 0.544877 0.027754 0.034817 0.786845
2 0.406624 0.546400 0.020261 0.028634 0.731831
2 0.224039 0.548751 0.032475 0.034706 0.709792
2 0.973389 0.564180 0.052390 0.135347 0.685987
2 0.365005 0.543566 0.041556 0.064378 0.608935
7 0.774473 0.539036 0.108950 0.108544 0.598148
2 0.918074 0.543487 0.065404 0.095048 0.502964
2 0.325986 0.544879 0.025059 0.027640 0.492673
41 0.217270 0.692827 0.031665 0.083602 0.460850
2 0.012711 0.566509 0.025333 0.067879 0.409489
2 0.848716 0.553292 0.091188 0.108158 0.330305
2 0.705344 0.541523 0.037533 0.040825 0.317090
7 0.365046 0.541759 0.041918 0.067599 0.311394
2 0.705280 0.550562 0.039389 0.057917 0.301468
2 0.682794 0.535503 0.041445 0.042911 0.300886
2 0.879042 0.555358 0.148826 0.115643 0.265103
2 0.774024 0.538415 0.108833 0.107656 0.252087
2 0.710139 0.543419 0.029765 0.043915 0.250599
