2 0.830087 0.786881 0.338168 0.409930 0.899751
2 0.033868 0.808585 0.067428 0.161918 0.899374
2 0.095800 0.799552 0.083321 0.132040 0.883800
2 0.533932 0.756155 0.088871 0.133122 0.845228
2 0.161936 0.790465 0.060842 0.089820 0.838669
2 0.193355 0.772755 0.068708 0.085273 0.836828
2 0.650689 0.769455 0.202193 0.273446 0.821014
2 0.256090 0.760447 0.053195 0.069538 0.798443
2 0.296257 0.738742 0.032717 0.046474 0.790214
2 0.463459 0.747246 0.026941 0.052141 0.754944
2 0.509938 0.736540 0.076727 0.122400 0.651805
2 0.328280 0.729769 0.020312 0.031320 0.573868
2 0.363921 0.726496 0.028078 0.048246 0.561834
2 0.451166 0.734734 0.033084 0.054539 0.528680
2 0.320466 0.731085 0.021391 0.032867 0.477504
2 0.432348 0.723085 0.021331 0.042120 0.468705
2 0.219660 0.739500 0.047931 0.063757 0.325153
2 0.424208 0.721227 0.018254 0.036890 0.275484
2 0.420865 0.719646 0.012253 0.034936 0.260903
2 0.213988 0.746036 0.059599 0.075452 0.253232
