2 0.429477 0.493974 0.195101 0.298568 0.896940
2 0.228317 0.362891 0.144063 0.086491 0.895405
2 0.913459 0.530096 0.172147 0.189508 0.882490
2 0.683605 0.454730 0.124348 0.108336 0.775960
2 0.789471 0.467482 0.253196 0.148234 0.763177
2 0.017344 0.319888 0.034517 0.050334 0.721464
2 0.664624 0.419272 0.127386 0.098640 0.635119
2 0.298127 0.336368 0.055247 0.063649 0.612750
2 0.384115 0.327691 0.023349 0.034176 0.610781
2 0.352853 0.330417 0.024159 0.031580 0.598569
2 0.495457 0.872309 0.987629 0.215465 0.570418
2 0.113883 0.339373 0.143744 0.082670 0.566737
2 0.559281 0.388959 0.081223 0.067653 0.555206
11 0.950152 0.423621 0.051938 0.149732 0.546963
2 0.532429 0.359986 0.054128 0.057835 0.511016
2 0.422187 0.335894 0.031240 0.036721 0.386519
2 0.509460 0.352924 0.056867 0.063168 0.367798
2 0.501278 0.333871 0.068812 0.051992 0.362449
2 0.579430 0.406725 0.062653 0.088703 0.352701
2 0.620941 0.404104 0.118495 0.112569 0.319589
2 0.179695 0.321879 0.049983 0.034249 0.295880
