2 0.764850 0.599405 0.221192 0.230273 0.895557
2 0.923367 0.646209 0.152117 0.325575 0.894878
2 0.388995 0.530207 0.094250 0.137056 0.890956
2 0.037066 0.504574 0.074132 0.108196 0.869019
2 0.640763 0.525042 0.165657 0.179416 0.859507
2 0.161134 0.492674 0.056595 0.056797 0.850934
2 0.253185 0.492066 0.058809 0.075994 0.831132
2 0.533540 0.502709 0.085941 0.099634 0.814528
2 0.484540 0.497561 0.040871 0.053760 0.777776
2 0.195776 0.481824 0.037377 0.049002 0.750860
2 0.285737 0.482183 0.035400 0.063170 0.718269
2 0.306821 0.477529 0.023538 0.044419 0.626040
2 0.432064 0.484817 0.024897 0.041522 0.600671
2 0.218254 0.480683 0.021920 0.039443 0.434647
