2 0.514845 0.469576 0.106505 0.164073 0.884550
9 0.601254 0.144298 0.017672 0.073202 0.859544
9 0.488005 0.101803 0.043444 0.097420 0.841946
2 0.223009 0.422792 0.043397 0.049020 0.824334
2 0.132693 0.428229 0.075659 0.064430 0.805330
9 0.657874 0.158572 0.014862 0.068657 0.788909
2 0.183782 0.423133 0.047176 0.053407 0.751844
7 0.932655 0.406859 0.133544 0.157356 0.748608
2 0.842076 0.427693 0.089642 0.086495 0.728585
2 0.316205 0.415150 0.032001 0.034964 0.689749
2 0.797524 0.425955 0.053732 0.072573 0.677740
2 0.275364 0.419212 0.048064 0.036531 0.644186
2 0.243586 0.414815 0.032473 0.042091 0.553586
2 0.657564 0.423253 0.029408 0.032272 0.508608
2 0.778844 0.420102 0.048105 0.059789 0.466339
2 0.502479 0.884535 0.991293 0.210678 0.464400
2 0.629086 0.421499 0.036014 0.038623 0.462570
2 0.684710 0.425915 0.026718 0.038285 0.461867
2 0.721027 0.426734 0.037469 0.040893 0.401913
2 0.371929 0.410270 0.019542 0.023167 0.383076
2 0.597179 0.416148 0.018134 0.029456 0.310117
2 0.394107 0.408349 0.024480 0.021125 0.250551
