2 0.419770 0.511733 0.150365 0.221016 0.900664
2 0.956872 0.525692 0.085590 0.160485 0.891446
2 0.055353 0.456020 0.110322 0.118358 0.888313
2 0.662007 0.426886 0.054757 0.053077 0.878555
7 0.450248 0.367011 0.109345 0.199603 0.877184
7 0.568283 0.395140 0.038959 0.069999 0.846721
2 0.626193 0.420170 0.031441 0.040456 0.828749
7 0.608181 0.388171 0.042536 0.078505 0.767994
0 0.990051 0.419283 0.019284 0.066216 0.744484
9 0.193087 0.086579 0.027556 0.102245 0.741937
2 0.253757 0.411735 0.041410 0.052028 0.725669
9 0.798165 0.118762 0.017395 0.071489 0.712441
2 0.171410 0.417286 0.105439 0.137653 0.657825
2 0.697344 0.416043 0.045787 0.065848 0.628696
0 0.778021 0.417363 0.013452 0.051260 0.582228
2 0.526212 0.414587 0.027079 0.032591 0.545052
0 0.757354 0.416455 0.011206 0.048298 0.488436
2 0.340160 0.395945 0.021734 0.037170 0.422213
2 0.517793 0.888864 0.923952 0.204372 0.371909
0 0.931787 0.424975 0.015793 0.065040 0.369123
9 0.191262 0.258785 0.018879 0.043894 0.328112
0 0.952037 0.417121 0.012748 0.054349 0.307829
0 0.744727 0.421290 0.014314 0.043302 0.301420
2 0.382119 0.393927 0.024143 0.034396 0.293777
2 0.109192 0.436887 0.024052 0.058379 0.282524
