2 0.845734 0.329865 0.306770 0.488441 0.935329
2 0.152588 0.355403 0.304125 0.361582 0.924606
2 0.302902 0.253801 0.099250 0.126083 0.843211
2 0.599856 0.240545 0.072022 0.105174 0.841046
2 0.693629 0.271768 0.148576 0.241775 0.826207
2 0.353197 0.242573 0.057743 0.105420 0.807387
2 0.465333 0.228005 0.026803 0.039391 0.777748
2 0.386649 0.241037 0.036217 0.073680 0.740607
2 0.498676 0.783158 0.994466 0.387292 0.725680
2 0.561814 0.230939 0.033618 0.075672 0.599545
2 0.426543 0.229404 0.032366 0.053781 0.571475
2 0.409956 0.239312 0.025021 0.051882 0.530268
2 0.413278 0.231936 0.024272 0.053062 0.434243
2 0.508009 0.220351 0.012001 0.020059 0.431889
2 0.539484 0.223830 0.017484 0.043585 0.328566
2 0.445300 0.226617 0.016856 0.046525 0.254161
