2 0.880015 0.842072 0.239071 0.281326 0.935694
2 0.723955 0.850154 0.195216 0.182077 0.914050
2 0.595212 0.856626 0.114061 0.132518 0.912234
2 0.061009 0.971648 0.122018 0.054835 0.837799
2 0.323899 0.905895 0.048771 0.087383 0.820171
2 0.257572 0.930599 0.044011 0.060683 0.795982
7 0.395486 0.839922 0.064162 0.148408 0.773852
2 0.534739 0.851232 0.074040 0.115980 0.764594
2 0.125701 0.965169 0.051021 0.064042 0.756395
2 0.165505 0.945829 0.047086 0.071461 0.715828
2 0.221904 0.931654 0.034033 0.056661 0.707636
2 0.292563 0.903294 0.015382 0.026123 0.602334
2 0.491425 0.863632 0.043147 0.082722 0.590595
2 0.466976 0.861833 0.036291 0.080727 0.574317
2 0.195293 0.934457 0.021448 0.048480 0.381853
0 0.438327 0.868577 0.013602 0.068896 0.352404
9 0.055846 0.904183 0.008786 0.035135 0.290734
