2 0.127520 0.485193 0.254737 0.302920 0.881427
2 0.038911 0.628302 0.077168 0.266479 0.852156
2 0.787496 0.426468 0.242546 0.229533 0.851875
2 0.270445 0.416438 0.143736 0.178403 0.848695
2 0.334341 0.380761 0.089942 0.126138 0.843584
2 0.502985 0.323327 0.023691 0.030394 0.543715
2 0.652459 0.359785 0.125085 0.139256 0.480705
5 0.402547 0.314952 0.092348 0.179891 0.408582
2 0.550446 0.348253 0.035349 0.083591 0.378455
2 0.499886 0.832393 0.996720 0.304454 0.362193
2 0.532822 0.333319 0.026838 0.052357 0.332320
2 0.604720 0.355037 0.065807 0.133476 0.312423
