9 0.546880 0.306846 0.015004 0.066767 0.735957
2 0.469622 0.608872 0.038933 0.061778 0.717896
0 0.146666 0.602948 0.018280 0.108100 0.707480
0 0.122527 0.607238 0.018884 0.097158 0.643432
0 0.631262 0.622316 0.018973 0.094524 0.611523
0 0.178591 0.593942 0.014476 0.079424 0.587008
0 0.278713 0.596075 0.014965 0.075767 0.550119
9 0.310763 0.345032 0.011094 0.052752 0.544932
2 0.316029 0.602764 0.055002 0.086089 0.524970
0 0.196895 0.594069 0.011900 0.074050 0.511513
7 0.315770 0.602975 0.053903 0.085865 0.475417
0 0.591486 0.616674 0.013948 0.092369 0.366378
2 0.433441 0.599948 0.019665 0.041203 0.319581
2 0.438867 0.598869 0.018723 0.044841 0.257179
2 0.452345 0.596425 0.024796 0.053245 0.250035
