2 0.218392 0.494805 0.145706 0.141087 0.811906
2 0.715851 0.456919 0.082657 0.103867 0.808749
2 0.331257 0.448624 0.054649 0.064843 0.743649
2 0.085231 0.507507 0.115479 0.103560 0.691035
2 0.650335 0.421063 0.036268 0.057517 0.683850
0 0.884309 0.428606 0.023271 0.112376 0.644098
9 0.762075 0.113421 0.026397 0.060548 0.555157
2 0.415841 0.442047 0.042918 0.071220 0.530203
2 0.974614 0.407505 0.050137 0.092368 0.526150
9 0.562255 0.155773 0.013683 0.071420 0.444215
2 0.683674 0.423688 0.024738 0.042127 0.380892
2 0.491488 0.900486 0.978834 0.175059 0.380105
2 0.619455 0.406814 0.025275 0.033793 0.334920
9 0.520062 0.229115 0.021859 0.071700 0.288064
2 0.982167 0.713681 0.035319 0.335019 0.252949
2 0.608771 0.407216 0.017043 0.032901 0.250355
2 0.951317 0.390227 0.036773 0.048741 0.250213
