7 0.932930 0.227345 0.131778 0.237171 0.934154
2 0.594901 0.347225 0.046732 0.081492 0.744981
2 0.745117 0.293115 0.024033 0.037935 0.737686
2 0.782282 0.286240 0.024548 0.038485 0.736092
7 0.430984 0.346801 0.206000 0.266318 0.729790
7 0.197184 0.464646 0.392936 0.399874 0.709816
2 0.624498 0.319583 0.064381 0.104254 0.699391
2 0.546800 0.360692 0.073415 0.118490 0.689202
2 0.197214 0.464302 0.392141 0.398529 0.621042
7 0.837217 0.247407 0.068248 0.112300 0.599851
2 0.663608 0.320101 0.029004 0.059216 0.596470
2 0.721116 0.294223 0.029486 0.047265 0.552763
2 0.699406 0.305459 0.026727 0.039631 0.531099
2 0.500965 0.813361 0.992588 0.338182 0.477442
2 0.679970 0.313568 0.024243 0.044881 0.444071
0 0.567064 0.357262 0.033295 0.118435 0.281690
