2 0.494662 0.339556 0.053089 0.067528 0.832314
2 0.052013 0.326261 0.054537 0.047190 0.815770
2 0.123190 0.323477 0.047724 0.041284 0.809931
2 0.925291 0.305801 0.070750 0.054559 0.771435
2 0.406652 0.323167 0.022182 0.031875 0.764338
2 0.454386 0.327820 0.023886 0.035456 0.709892
2 0.208877 0.319982 0.045568 0.031629 0.694774
2 0.177858 0.318284 0.035047 0.040326 0.642758
2 0.266560 0.317104 0.019353 0.023884 0.638025
2 0.863385 0.302218 0.054466 0.052344 0.635104
2 0.736726 0.309904 0.071754 0.031517 0.563088
2 0.239604 0.316258 0.031900 0.029585 0.538219
2 0.289484 0.314091 0.022842 0.021679 0.479293
7 0.577958 0.300342 0.030955 0.040563 0.321396
2 0.383274 0.317503 0.017478 0.021693 0.317727
2 0.499799 0.807352 0.994340 0.352526 0.313855
2 0.448650 0.326370 0.019002 0.033832 0.275282
