2 0.060927 0.524869 0.121466 0.197005 0.914500
2 0.439989 0.509427 0.324400 0.324452 0.891149
2 0.668238 0.490938 0.186644 0.212520 0.873420
2 0.243755 0.448832 0.118177 0.087163 0.848442
2 0.750719 0.447616 0.119331 0.136435 0.834687
0 0.929067 0.439682 0.043683 0.192196 0.518512
2 0.903177 0.441991 0.192337 0.175244 0.430170
2 0.689063 0.382679 0.060965 0.030846 0.422127
2 0.530327 0.873893 0.939346 0.209551 0.401664
2 0.954869 0.456212 0.089719 0.174896 0.363677
2 0.866047 0.432392 0.122470 0.151195 0.280971
