2 0.563485 0.411865 0.110847 0.077933 0.842238
2 0.128321 0.453750 0.146956 0.164094 0.828337
0 0.669046 0.419550 0.042117 0.193558 0.824751
2 0.924239 0.415546 0.150587 0.161032 0.754713
2 0.747465 0.419187 0.107744 0.099224 0.683140
2 0.344111 0.420204 0.031474 0.047611 0.642149
2 0.849218 0.413993 0.142917 0.135872 0.616718
2 0.021197 0.452990 0.040310 0.098509 0.615261
2 0.261689 0.433698 0.058727 0.067870 0.604898
9 0.370922 0.229608 0.012616 0.047431 0.550892
2 0.303228 0.419277 0.027760 0.036714 0.504944
0 0.639755 0.420232 0.018177 0.112134 0.410558
2 0.981053 0.410474 0.037066 0.163416 0.397502
2 0.772403 0.418572 0.061063 0.095911 0.345218
2 0.960646 0.413020 0.078101 0.161579 0.251976
