2 0.050105 0.620110 0.099976 0.245515 0.877050
2 0.747391 0.611576 0.205336 0.261421 0.856146
2 0.147787 0.617381 0.117661 0.157881 0.832755
2 0.863217 0.706742 0.272500 0.400548 0.776191
2 0.598411 0.587211 0.073466 0.096887 0.765972
2 0.348051 0.567238 0.046739 0.064745 0.762196
2 0.246871 0.591815 0.087557 0.099051 0.711182
2 0.302150 0.579162 0.040815 0.075302 0.630754
2 0.566165 0.563089 0.057946 0.078539 0.567188
2 0.379762 0.559636 0.029218 0.042380 0.562140
2 0.530831 0.561281 0.028047 0.047413 0.468037
2 0.262299 0.586310 0.058129 0.094110 0.421372
2 0.403954 0.555751 0.024665 0.033959 0.397241
2 0.456201 0.538829 0.024434 0.029321 0.356858
2 0.630744 0.550148 0.054589 0.054512 0.281474
2 0.384112 0.562760 0.038338 0.044659 0.277864
