2 0.271291 0.514071 0.152543 0.205872 0.857481
2 0.645041 0.488246 0.185226 0.196167 0.854007
2 0.813074 0.550106 0.294172 0.275791 0.845606
2 0.524854 0.461545 0.129871 0.147651 0.830873
2 0.942442 0.630881 0.114601 0.367453 0.604032
2 0.397491 0.454128 0.087381 0.089767 0.566295
2 0.441598 0.466550 0.067738 0.092424 0.487598
7 0.904425 0.388147 0.190171 0.185492 0.403843
2 0.054310 0.462396 0.051328 0.067909 0.368033
0 0.009036 0.450233 0.018072 0.116743 0.358565
0 0.013670 0.464539 0.021692 0.087707 0.336391
2 0.578680 0.903321 0.839292 0.172393 0.300571
