2 0.403990 0.506647 0.051384 0.057767 0.692973
9 0.911782 0.358622 0.021031 0.077042 0.566995
2 0.976549 0.599463 0.045785 0.189433 0.429349
2 0.010550 0.669084 0.021004 0.204949 0.425870
2 0.532014 0.489681 0.034541 0.033618 0.391286
2 0.568219 0.492573 0.033333 0.028719 0.363508
2 0.445485 0.493968 0.035987 0.037035 0.357072
9 0.798990 0.354676 0.016933 0.069984 0.346127
2 0.440296 0.495050 0.030781 0.038827 0.306125
2 0.526718 0.492502 0.046630 0.030899 0.282337
2 0.451377 0.492912 0.040056 0.035742 0.259256
