2 0.925204 0.695088 0.147784 0.363575 0.798195
2 0.708100 0.583020 0.139628 0.194196 0.689415
2 0.829266 0.643385 0.244894 0.272786 0.634688
2 0.645838 0.576418 0.051404 0.132202 0.533539
2 0.617084 0.569994 0.037730 0.093140 0.452666
2 0.653308 0.580443 0.039309 0.141523 0.436517
7 0.544469 0.523217 0.044970 0.082883 0.387033
2 0.501640 0.546415 0.021193 0.028923 0.364717
0 0.592439 0.560094 0.014607 0.066272 0.346891
2 0.841291 0.552504 0.219296 0.108091 0.320817
2 0.621904 0.570560 0.046781 0.110046 0.277783
