2 0.619837 0.488461 0.174554 0.195826 0.890809
2 0.325421 0.426149 0.073458 0.086404 0.872188
2 0.882327 0.531595 0.234489 0.235935 0.852177
2 0.225820 0.444899 0.058896 0.126131 0.761709
7 0.101625 0.382655 0.202836 0.402234 0.586994
7 0.471030 0.410420 0.047131 0.097139 0.495346
2 0.370423 0.425958 0.022749 0.041025 0.442101
2 0.742637 0.456689 0.129101 0.173019 0.369285
2 0.549055 0.432389 0.034910 0.068979 0.351882
2 0.508768 0.433350 0.028867 0.048101 0.312513
5 0.471046 0.411147 0.046067 0.098670 0.277466
2 0.377908 0.425470 0.030596 0.038217 0.272209
