2 0.833270 0.625345 0.331968 0.390936 0.934309
2 0.558690 0.655018 0.288567 0.282376 0.921543
2 0.362602 0.628395 0.155081 0.170227 0.913498
2 0.277150 0.612423 0.088775 0.124021 0.895115
2 0.225665 0.611340 0.049927 0.083202 0.850443
2 0.202257 0.595718 0.072473 0.092292 0.782111
0 0.442677 0.567002 0.019313 0.064721 0.683959
2 0.062349 0.657300 0.123600 0.458115 0.623526
2 0.499128 0.892858 0.991335 0.191443 0.605997
9 0.121075 0.442216 0.016736 0.033720 0.483971
2 0.149584 0.585715 0.028062 0.037861 0.368591
2 0.142337 0.585678 0.041606 0.038640 0.344330
