2 0.488085 0.500223 0.247101 0.354466 0.893211
2 0.780324 0.422275 0.200794 0.187174 0.832469
2 0.897335 0.486948 0.204467 0.347169 0.748971
2 0.125059 0.417889 0.059550 0.056087 0.571877
5 0.396318 0.373916 0.193445 0.150541 0.562143
2 0.287123 0.410435 0.040633 0.058832 0.467460
2 0.138977 0.416533 0.087448 0.056590 0.392691
2 0.713996 0.404393 0.144711 0.139921 0.374985
2 0.081051 0.418790 0.044982 0.056577 0.355793
2 0.248174 0.405612 0.035430 0.051926 0.317663
2 0.037078 0.425511 0.058518 0.058089 0.301149
2 0.873443 0.438892 0.234016 0.229921 0.296111
2 0.166903 0.412168 0.039674 0.054708 0.295492
2 0.232484 0.407750 0.062598 0.050522 0.290354
2 0.220878 0.408836 0.039083 0.048994 0.270586
2 0.191823 0.412673 0.083888 0.054351 0.268892
