5 0.073713 0.442438 0.146417 0.148976 0.778522
2 0.322597 0.451147 0.028523 0.040098 0.702987
2 0.465795 0.458595 0.030245 0.035991 0.686984
2 0.532551 0.462731 0.026293 0.034020 0.682613
9 0.236040 0.272193 0.013938 0.048354 0.533535
2 0.167884 0.471386 0.043885 0.044701 0.503266
2 0.396372 0.466004 0.048222 0.057637 0.483795
2 0.385657 0.466625 0.070233 0.059483 0.448122
2 0.371882 0.466969 0.044230 0.062922 0.433755
2 0.029383 0.487995 0.058767 0.078665 0.333485
2 0.215775 0.460720 0.029797 0.030633 0.255505
