2 0.086526 0.428235 0.173052 0.148655 0.871373
2 0.914976 0.532000 0.169517 0.573990 0.778459
2 0.594124 0.404365 0.073095 0.113266 0.685496
2 0.736289 0.394471 0.108688 0.111209 0.631000
2 0.811034 0.389311 0.059535 0.085709 0.600832
2 0.218401 0.395918 0.071585 0.092091 0.566600
2 0.682451 0.383119 0.037596 0.062321 0.501952
2 0.444157 0.382301 0.021048 0.033908 0.376695
2 0.477225 0.380377 0.031312 0.031083 0.361346
7 0.349461 0.365808 0.105458 0.123388 0.327080
2 0.547422 0.375787 0.028199 0.041794 0.326837
2 0.511693 0.877318 0.972630 0.226173 0.318690
2 0.258390 0.386911 0.044928 0.078279 0.315688
2 0.292058 0.384894 0.033251 0.069617 0.295551
2 0.551539 0.373374 0.023997 0.039448 0.286219
2 0.293816 0.395197 0.027383 0.047259 0.285941
2 0.889514 0.373765 0.058649 0.085938 0.279922
