2 0.168373 0.901995 0.332275 0.183056 0.872630
2 0.637202 0.931962 0.054404 0.083070 0.696415
2 0.675703 0.948330 0.077278 0.100326 0.616020
2 0.059554 0.857039 0.116585 0.171057 0.586951
0 0.709169 0.948031 0.061913 0.102130 0.509414
0 0.845614 0.950675 0.127608 0.098649 0.494127
2 0.602394 0.922005 0.031801 0.040605 0.486034
0 0.873216 0.950589 0.072226 0.098822 0.455784
2 0.482098 0.879021 0.032016 0.045907 0.394403
2 0.450367 0.876505 0.033151 0.036336 0.377428
2 0.572154 0.898856 0.026085 0.029822 0.365113
2 0.364263 0.860604 0.033781 0.046552 0.310336
2 0.731122 0.958264 0.115714 0.082330 0.299981
2 0.354955 0.860280 0.054558 0.050093 0.287866
2 0.063214 0.839943 0.107722 0.126772 0.256324
