2 0.200641 0.555585 0.152410 0.135684 0.863276
2 0.663509 0.518929 0.053560 0.073124 0.780006
2 0.438294 0.516203 0.075701 0.100296 0.693714
2 0.752500 0.530505 0.148659 0.151264 0.643441
2 0.077075 0.519256 0.152796 0.121065 0.566748
2 0.856145 0.504992 0.048456 0.052014 0.533444
2 0.486981 0.501429 0.028512 0.030885 0.454679
2 0.511940 0.498237 0.028360 0.036665 0.450906
2 0.586088 0.489294 0.020771 0.042352 0.393939
2 0.967744 0.602349 0.061782 0.095423 0.380605
7 0.437920 0.517066 0.076514 0.102168 0.362640
2 0.273903 0.522073 0.088285 0.076074 0.362441
2 0.602462 0.504907 0.026421 0.024319 0.325726
2 0.875886 0.507402 0.090233 0.051275 0.310328
2 0.145019 0.505870 0.065287 0.055106 0.257010
