2 0.898027 0.797538 0.203528 0.396541 0.895847
2 0.216551 0.607722 0.138530 0.126178 0.875534
2 0.311770 0.597431 0.071178 0.100766 0.836594
2 0.629704 0.728671 0.411565 0.512350 0.795919
2 0.365199 0.597871 0.049114 0.069190 0.674920
2 0.798793 0.601734 0.079695 0.090733 0.588529
2 0.422227 0.590376 0.033251 0.050846 0.524970
2 0.446876 0.580375 0.033216 0.047403 0.514002
2 0.396630 0.592759 0.039824 0.061466 0.413810
0 0.061751 0.585896 0.034755 0.132140 0.310828
2 0.416580 0.591620 0.043148 0.055898 0.302738
2 0.452654 0.582350 0.035389 0.047382 0.263772
2 0.432558 0.588046 0.041385 0.049323 0.263548
