2 0.058745 0.499504 0.117312 0.303911 0.831455
2 0.175398 0.487564 0.130892 0.153353 0.826525
2 0.646831 0.504368 0.099055 0.170983 0.752656
2 0.591376 0.470347 0.095961 0.130422 0.669748
7 0.831881 0.497364 0.335030 0.719453 0.569415
2 0.484855 0.448950 0.033244 0.029263 0.501668
2 0.248475 0.455573 0.060907 0.077893 0.498471
2 0.831237 0.498415 0.336363 0.729317 0.468803
2 0.388902 0.440678 0.025640 0.025101 0.426048
2 0.341374 0.448919 0.035241 0.049009 0.376812
2 0.259679 0.454863 0.083403 0.071558 0.272250
2 0.440462 0.450356 0.028636 0.029288 0.258087
2 0.289955 0.452196 0.047650 0.056626 0.255400
9 0.166285 0.257153 0.010105 0.058470 0.254097
