2 0.136522 0.876600 0.273024 0.229246 0.698812
2 0.658190 0.523177 0.152131 0.113137 0.675028
2 0.419285 0.503669 0.095819 0.118935 0.639121
2 0.349846 0.518736 0.049519 0.057130 0.600261
2 0.214009 0.507479 0.030923 0.044351 0.596737
2 0.241474 0.514320 0.034521 0.046706 0.522100
2 0.496874 0.509362 0.047504 0.047646 0.517888
2 0.268189 0.509201 0.025849 0.039304 0.402584
9 0.132886 0.303647 0.017808 0.047535 0.392944
0 0.927714 0.492044 0.017029 0.064232 0.373166
2 0.781639 0.483011 0.025077 0.034231 0.326815
2 0.249583 0.513041 0.047765 0.046654 0.320773
0 0.938688 0.316149 0.121289 0.623341 0.301265
2 0.956588 0.491558 0.072554 0.074164 0.291728
2 0.257639 0.512205 0.048047 0.041785 0.289007
2 0.313202 0.499966 0.044530 0.031257 0.257168
2 0.955391 0.543621 0.088149 0.110938 0.253979
2 0.504553 0.508079 0.032997 0.046783 0.252370
