2 0.038858 0.567618 0.077037 0.176877 0.884330
2 0.816884 0.654723 0.365636 0.646426 0.854575
2 0.246681 0.502109 0.117503 0.122395 0.818946
2 0.137518 0.551832 0.150646 0.156620 0.811838
2 0.590304 0.478506 0.075405 0.105514 0.806107
2 0.552321 0.467049 0.037985 0.076191 0.757782
2 0.628004 0.535002 0.094687 0.164639 0.753317
2 0.352578 0.483379 0.047599 0.071270 0.612730
2 0.315445 0.491709 0.065439 0.089587 0.564431
2 0.678684 0.599054 0.126949 0.275434 0.538950
2 0.387744 0.468714 0.043452 0.057041 0.535498
2 0.516368 0.446556 0.046757 0.046081 0.388001
2 0.650263 0.536181 0.072367 0.158357 0.258117
2 0.489999 0.894844 0.968656 0.193030 0.252348
