2 0.343940 0.349395 0.063479 0.066073 0.822086
2 0.277312 0.374225 0.113862 0.124031 0.789220
2 0.533866 0.419368 0.161820 0.243737 0.609102
2 0.423662 0.364250 0.097501 0.171715 0.591804
0 0.714928 0.356861 0.027725 0.165185 0.572043
2 0.053411 0.351603 0.095196 0.076885 0.567941
0 0.108099 0.352919 0.024507 0.096417 0.555053
2 0.535029 0.376851 0.155218 0.157223 0.453202
0 0.734129 0.355127 0.020841 0.126934 0.363510
0 0.743451 0.355263 0.030874 0.130435 0.301764
0 0.748448 0.357498 0.023499 0.124349 0.268768
2 0.982545 0.336274 0.034406 0.102052 0.264219
0 0.711724 0.359035 0.023214 0.147567 0.258578
