2 0.260636 0.580285 0.337877 0.321990 0.908879
2 0.874326 0.617834 0.250314 0.549239 0.889352
2 0.772090 0.495941 0.091281 0.111836 0.721887
2 0.549845 0.429085 0.025316 0.033259 0.693376
5 0.590445 0.412106 0.054809 0.108436 0.673558
2 0.691911 0.454385 0.052297 0.101783 0.431200
2 0.485940 0.428856 0.030279 0.045767 0.375077
2 0.743320 0.466245 0.100974 0.129943 0.367294
2 0.490539 0.428703 0.029712 0.041843 0.349020
2 0.510103 0.425197 0.021258 0.034802 0.336629
2 0.738390 0.470798 0.074053 0.124227 0.334323
2 0.655725 0.452445 0.026506 0.059716 0.305665
2 0.513775 0.424234 0.022495 0.032788 0.298631
2 0.649568 0.447136 0.023556 0.053828 0.277151
