2 0.863968 0.617367 0.243369 0.243321 0.893194
2 0.120926 0.527741 0.119272 0.108582 0.887298
2 0.486707 0.567057 0.156876 0.236688 0.882420
5 0.367644 0.472380 0.113996 0.172075 0.855352
2 0.222131 0.512053 0.090323 0.090451 0.843497
2 0.034338 0.518905 0.068618 0.168494 0.695601
2 0.701267 0.558998 0.104910 0.130403 0.684671
2 0.290645 0.509243 0.046885 0.064285 0.608185
2 0.609320 0.529782 0.045808 0.067507 0.557424
2 0.644775 0.543737 0.059763 0.095287 0.536390
2 0.633469 0.553360 0.038148 0.068966 0.259682
2 0.601708 0.527144 0.032599 0.060106 0.254607
