2 0.913871 0.669770 0.171148 0.400969 0.882505
2 0.498446 0.511001 0.058623 0.082744 0.796793
2 0.027578 0.558966 0.055156 0.160442 0.778171
0 0.752167 0.510644 0.021433 0.092549 0.717530
0 0.894582 0.526828 0.039990 0.110447 0.552487
7 0.194937 0.505905 0.294415 0.420990 0.506755
0 0.725272 0.510529 0.016365 0.083745 0.505376
2 0.352315 0.505517 0.051065 0.073896 0.502091
0 0.705709 0.510446 0.014088 0.076972 0.494384
9 0.563348 0.250237 0.015858 0.067103 0.459768
0 0.677649 0.512060 0.014177 0.077588 0.455879
5 0.564610 0.480311 0.056647 0.110727 0.438482
7 0.563704 0.478792 0.057127 0.112338 0.373663
0 0.680609 0.512754 0.016605 0.077592 0.362658
2 0.194439 0.505080 0.294180 0.423112 0.358460
0 0.631389 0.498483 0.011484 0.055303 0.325493
2 0.359497 0.505018 0.039410 0.069093 0.276437
0 0.870454 0.530203 0.026573 0.097394 0.273831
2 0.423579 0.504057 0.022257 0.041001 0.253696
