2 0.153871 0.630115 0.307741 0.380540 0.930736
2 0.341336 0.588667 0.260424 0.278398 0.915133
2 0.633410 0.526209 0.234587 0.195143 0.865732
2 0.453733 0.546827 0.286048 0.258448 0.842241
2 0.802798 0.497919 0.125794 0.119674 0.635140
2 0.772692 0.520463 0.097833 0.138399 0.577218
2 0.959439 0.485445 0.079348 0.076639 0.562158
2 0.910832 0.484583 0.078652 0.096125 0.470002
2 0.855860 0.488246 0.081317 0.098909 0.467428
2 0.508936 0.908605 0.969378 0.161073 0.316174
2 0.824625 0.498736 0.081479 0.115207 0.258700
