2 0.620775 0.644977 0.207985 0.203446 0.898197
2 0.021105 0.631767 0.042099 0.173321 0.773650
2 0.465575 0.581796 0.066891 0.084943 0.731353
2 0.202446 0.579577 0.050420 0.080045 0.659939
2 0.083668 0.932930 0.167213 0.116169 0.597154
2 0.245914 0.577003 0.032337 0.053463 0.501089
2 0.106236 0.581458 0.148094 0.158113 0.425529
2 0.406094 0.561899 0.024722 0.039263 0.376084
7 0.106742 0.582454 0.147312 0.158342 0.372662
2 0.266154 0.571616 0.029350 0.051132 0.330202
2 0.216651 0.575065 0.030622 0.069948 0.292198
2 0.239442 0.575742 0.033806 0.059568 0.280265
