2 0.137398 0.590918 0.137123 0.136078 0.841263
2 0.469782 0.568950 0.062775 0.090466 0.838854
2 0.940843 0.575641 0.118314 0.121366 0.813366
2 0.357161 0.556485 0.065952 0.089145 0.692891
2 0.310510 0.552420 0.035685 0.062392 0.559345
2 0.285229 0.537366 0.024408 0.028340 0.493968
2 0.812285 0.575485 0.080489 0.098788 0.458141
7 0.357388 0.556754 0.069125 0.091775 0.450914
2 0.409719 0.535986 0.018406 0.026365 0.302965
2 0.767572 0.565396 0.062954 0.086010 0.283348
2 0.868684 0.557167 0.065939 0.067882 0.283050
