2 0.150828 0.626625 0.161497 0.173874 0.885079
2 0.919144 0.647818 0.161179 0.373683 0.846997
2 0.583695 0.598088 0.118852 0.092641 0.838250
2 0.740510 0.616327 0.202544 0.169599 0.824646
2 0.817607 0.691914 0.090018 0.176741 0.677445
2 0.490819 0.576276 0.042163 0.055165 0.565639
2 0.527828 0.586440 0.064316 0.062216 0.553981
2 0.348299 0.589648 0.045542 0.050810 0.538911
2 0.326459 0.595694 0.081870 0.054336 0.406847
2 0.313726 0.595738 0.057041 0.051583 0.314658
2 0.054750 0.651492 0.039632 0.082000 0.297733
