2 0.414876 0.491914 0.302108 0.286054 0.917839
2 0.763224 0.382222 0.039726 0.082739 0.809689
2 0.607331 0.417576 0.131983 0.190619 0.775258
2 0.195311 0.466482 0.294899 0.255318 0.746037
2 0.833327 0.370549 0.037664 0.038392 0.698705
2 0.967569 0.402218 0.064777 0.162746 0.588323
2 0.712303 0.389772 0.086355 0.118615 0.582229
2 0.041903 0.516735 0.083626 0.359399 0.504572
2 0.926810 0.382226 0.063427 0.087425 0.455852
2 0.798359 0.368722 0.026662 0.025624 0.398936
2 0.445933 0.850877 0.891865 0.207052 0.395729
2 0.896400 0.366091 0.072660 0.100939 0.377076
2 0.983265 0.460870 0.032746 0.121948 0.343037
2 0.571560 0.862747 0.853596 0.238770 0.321224
2 0.933309 0.395083 0.050922 0.094875 0.310139
2 0.908272 0.374914 0.093709 0.090701 0.252844
