2 0.480376 0.516891 0.181032 0.231119 0.899546
1 0.925304 0.681803 0.148392 0.196081 0.748130
2 0.094261 0.465819 0.113497 0.141917 0.739660
0 0.961162 0.555958 0.076814 0.342849 0.722390
2 0.053430 0.501788 0.097744 0.159687 0.658013
2 0.352475 0.465522 0.063818 0.101844 0.584034
7 0.235258 0.470347 0.162167 0.280623 0.577571
2 0.020370 0.515551 0.040607 0.184194 0.428014
2 0.374546 0.494731 0.059106 0.118342 0.370694
2 0.367790 0.485001 0.058858 0.099978 0.359899
2 0.388392 0.496286 0.059052 0.121987 0.311582
