2 0.295545 0.561533 0.253126 0.320484 0.871457
0 0.933322 0.534375 0.074368 0.345283 0.871061
2 0.097638 0.526290 0.182399 0.150789 0.863197
2 0.710015 0.512133 0.104796 0.120415 0.756852
0 0.636807 0.543630 0.060952 0.287323 0.721104
0 0.984612 0.584531 0.030137 0.192374 0.709048
9 0.024310 0.128751 0.048557 0.159081 0.665243
0 0.891976 0.516491 0.039811 0.205161 0.573791
9 0.456169 0.177787 0.021344 0.091427 0.561828
2 0.535330 0.481086 0.020455 0.026942 0.451889
0 0.816710 0.562285 0.150903 0.464589 0.334066
3 0.821156 0.731238 0.180690 0.283153 0.310830
0 0.819457 0.485858 0.143502 0.321031 0.295256
2 0.559220 0.472430 0.026893 0.026826 0.283785
