2 0.194981 0.499346 0.124361 0.105986 0.564319
5 0.439687 0.461600 0.106112 0.144603 0.556167
2 0.690162 0.476231 0.033204 0.043250 0.524508
9 0.644571 0.149418 0.016796 0.099816 0.469512
9 0.659608 0.148914 0.025237 0.094719 0.391651
5 0.813911 0.483085 0.065250 0.097097 0.375334
2 0.123109 0.483828 0.080460 0.078643 0.345379
2 0.319953 0.405167 0.033038 0.030895 0.331621
9 0.417015 0.228274 0.033722 0.075532 0.309618
2 0.888141 0.493056 0.074953 0.066113 0.294241
2 0.647411 0.462881 0.019250 0.032892 0.291834
9 0.662109 0.139853 0.020462 0.072009 0.289277
9 0.646745 0.146774 0.022942 0.101299 0.285589
2 0.669263 0.465744 0.021169 0.035571 0.271096
2 0.048843 0.487187 0.084830 0.060939 0.261919
