2 0.533037 0.466045 0.097321 0.144346 0.877634
2 0.105897 0.432821 0.182879 0.111749 0.855368
9 0.893442 0.070996 0.025060 0.090296 0.669410
9 0.860762 0.074174 0.020392 0.083325 0.660494
2 0.963896 0.591780 0.071186 0.261136 0.650206
9 0.864344 0.071679 0.027249 0.089259 0.453131
2 0.478389 0.417282 0.033234 0.043459 0.421751
9 0.704749 0.220746 0.016502 0.078919 0.403597
0 0.815817 0.445831 0.018335 0.108236 0.387881
2 0.979116 0.495124 0.041009 0.082983 0.383546
2 0.860813 0.439770 0.078878 0.070250 0.375932
