2 0.287897 0.826251 0.146931 0.159413 0.896760
2 0.960973 0.801300 0.076791 0.072358 0.637279
2 0.027271 0.765921 0.051511 0.069773 0.612458
2 0.666551 0.804225 0.098877 0.104797 0.563942
10 0.795945 0.861342 0.016831 0.068313 0.500326
2 0.810413 0.804561 0.124030 0.090214 0.479814
2 0.598135 0.786399 0.059674 0.051681 0.476970
2 0.512884 0.776172 0.043513 0.033610 0.426350
2 0.591405 0.780629 0.059547 0.046592 0.412196
9 0.569830 0.617756 0.014686 0.060983 0.352237
2 0.732651 0.811837 0.065053 0.100341 0.332722
2 0.659231 0.796076 0.082809 0.084277 0.286469
2 0.423108 0.762942 0.030789 0.029598 0.282645
2 0.066740 0.745965 0.026191 0.046113 0.281955
2 0.382323 0.763752 0.035625 0.025198 0.277716
2 0.742640 0.785405 0.044619 0.050185 0.270457
2 0.388181 0.763340 0.025834 0.023147 0.255778
