9 0.092829 0.131229 0.016613 0.070274 0.817311
2 0.185886 0.447876 0.069963 0.079926 0.814578
9 0.480062 0.148427 0.012090 0.061967 0.724750
2 0.598681 0.454067 0.069212 0.110741 0.659573
2 0.121749 0.442705 0.032840 0.040766 0.597373
2 0.365256 0.425775 0.029049 0.034678 0.582876
2 0.337933 0.427026 0.029510 0.034686 0.539508
2 0.521257 0.432359 0.052925 0.064556 0.530012
2 0.552817 0.447232 0.036034 0.068202 0.528709
7 0.793125 0.480949 0.230281 0.235327 0.506177
2 0.792151 0.480724 0.230060 0.236035 0.492452
2 0.143509 0.430360 0.027551 0.048788 0.436760
2 0.538503 0.439028 0.037123 0.060607 0.412893
2 0.245899 0.432929 0.050924 0.038262 0.399976
2 0.530485 0.434792 0.036330 0.062173 0.383971
2 0.283303 0.430981 0.026192 0.035978 0.382106
2 0.480291 0.422370 0.028815 0.048917 0.326890
2 0.313665 0.422098 0.031586 0.039152 0.309026
2 0.514588 0.430937 0.040174 0.058446 0.306124
2 0.437067 0.422900 0.026764 0.039454 0.261482
