2 0.282120 0.467120 0.179891 0.216898 0.860332
2 0.486148 0.410298 0.103173 0.104973 0.819432
2 0.786108 0.493603 0.216609 0.317838 0.799917
2 0.200587 0.377925 0.064287 0.098583 0.780361
2 0.342626 0.395292 0.084437 0.080503 0.773672
0 0.642718 0.408060 0.025586 0.101084 0.719418
2 0.040008 0.426895 0.078707 0.191247 0.718107
0 0.932181 0.437917 0.032077 0.172331 0.714769
2 0.023738 0.595468 0.047264 0.373669 0.629180
2 0.082207 0.388661 0.057364 0.110176 0.601056
2 0.152568 0.370528 0.041285 0.055008 0.562476
2 0.117143 0.362274 0.026842 0.039912 0.455589
2 0.463726 0.883300 0.926498 0.204415 0.422989
