2 0.849599 0.603077 0.113659 0.104025 0.876636
7 0.193484 0.625768 0.221359 0.229324 0.818522
2 0.668620 0.602791 0.049754 0.065834 0.801348
2 0.591079 0.598679 0.032270 0.043186 0.639886
2 0.447629 0.617705 0.032494 0.036674 0.549014
2 0.394241 0.625105 0.039363 0.044852 0.512840
2 0.339796 0.629271 0.058903 0.063571 0.495110
2 0.401411 0.626026 0.026906 0.038231 0.430567
2 0.483489 0.610697 0.028281 0.032708 0.430160
2 0.519171 0.604049 0.026478 0.030167 0.377443
2 0.628535 0.589421 0.023281 0.028765 0.329088
2 0.622132 0.592189 0.020813 0.025265 0.312212
2 0.702148 0.575057 0.023315 0.027487 0.260828
2 0.422564 0.623673 0.020085 0.032250 0.255917
