2 0.797266 0.460416 0.215751 0.136673 0.893563
2 0.951766 0.438477 0.095321 0.121794 0.851709
2 0.237506 0.445914 0.060366 0.074815 0.678305
2 0.064128 0.432584 0.033405 0.036216 0.581338
2 0.204524 0.432102 0.042784 0.061200 0.490553
2 0.023879 0.434023 0.044639 0.047577 0.404681
2 0.012579 0.440499 0.024921 0.051453 0.360170
2 0.017930 0.436672 0.035397 0.047462 0.348682
2 0.164358 0.423483 0.023684 0.041233 0.348313
2 0.161184 0.423445 0.022665 0.037401 0.317810
2 0.081782 0.426460 0.018916 0.028543 0.295364
2 0.028514 0.432103 0.039459 0.040467 0.294888
2 0.040180 0.430052 0.021866 0.040309 0.275250
2 0.088671 0.425989 0.026913 0.024590 0.273614
