2 0.125915 0.559289 0.076153 0.127334 0.850466
2 0.254790 0.555715 0.136243 0.179070 0.777128
2 0.447039 0.547374 0.069301 0.097648 0.739983
2 0.609061 0.543746 0.113590 0.121255 0.731617
2 0.334048 0.520812 0.035889 0.050308 0.591595
2 0.054283 0.605496 0.108288 0.476045 0.578668
2 0.813233 0.535044 0.098708 0.085602 0.548245
2 0.186888 0.545286 0.057533 0.090554 0.449200
2 0.726704 0.536060 0.121082 0.089844 0.444648
2 0.411703 0.512705 0.024856 0.027125 0.436728
2 0.370207 0.516084 0.019421 0.031573 0.417877
2 0.155089 0.521381 0.025362 0.028689 0.380797
2 0.493712 0.514978 0.025308 0.029838 0.361371
2 0.351377 0.511208 0.026201 0.037811 0.359042
2 0.416532 0.511975 0.024092 0.030439 0.328531
2 0.189548 0.517121 0.051291 0.032994 0.285273
