0 0.710880 0.325421 0.033563 0.108406 0.757893
0 0.201667 0.374011 0.034943 0.177720 0.756496
0 0.798368 0.311880 0.021063 0.110645 0.700781
0 0.113245 0.373564 0.038988 0.186652 0.631873
0 0.922570 0.303592 0.033350 0.156723 0.629257
0 0.945697 0.313797 0.033170 0.169707 0.625243
0 0.769625 0.318111 0.024935 0.101432 0.620466
0 0.657860 0.326554 0.025892 0.110299 0.619728
0 0.277923 0.362389 0.028202 0.104346 0.592865
0 0.236765 0.354201 0.022907 0.113175 0.543764
0 0.982597 0.309132 0.034368 0.164491 0.539476
0 0.846739 0.317111 0.039761 0.168021 0.531206
0 0.257672 0.362580 0.024239 0.109219 0.503457
2 0.523348 0.337618 0.073610 0.124113 0.497609
0 0.061369 0.389335 0.030507 0.156011 0.472731
0 0.142455 0.366558 0.025405 0.146790 0.467991
7 0.523254 0.337235 0.073432 0.124524 0.379885
2 0.575338 0.311995 0.030801 0.048729 0.355192
0 0.851219 0.312535 0.025762 0.155601 0.319633
0 0.053036 0.385027 0.043942 0.166323 0.284107
9 0.867935 0.080622 0.019215 0.077848 0.276053
2 0.502860 0.820811 0.990154 0.318843 0.259796
0 0.271798 0.363399 0.020252 0.107478 0.251144
