2 0.275713 0.416423 0.113527 0.119233 0.864956
2 0.415443 0.419186 0.067910 0.095742 0.837232
2 0.366099 0.414384 0.049695 0.065101 0.765290
2 0.469663 0.409943 0.030080 0.044537 0.689023
2 0.715304 0.385514 0.062046 0.042748 0.609017
2 0.515227 0.410176 0.024798 0.039439 0.484245
2 0.907250 0.386735 0.107587 0.056402 0.459866
2 0.783596 0.385681 0.084343 0.042186 0.435986
2 0.655368 0.389159 0.037776 0.030791 0.434490
2 0.908692 0.397662 0.116001 0.079772 0.346740
2 0.491002 0.399670 0.019054 0.027282 0.309156
