7 0.606510 0.257912 0.212680 0.400319 0.834750
2 0.105299 0.354236 0.052167 0.065506 0.542798
2 0.051263 0.356050 0.062283 0.067582 0.441465
2 0.832177 0.336451 0.028579 0.037709 0.414157
2 0.880058 0.336681 0.071049 0.040841 0.370240
2 0.483408 0.373350 0.028480 0.049025 0.362239
2 0.042225 0.356408 0.043904 0.069330 0.353749
2 0.013287 0.357665 0.026556 0.076173 0.339575
2 0.491027 0.375793 0.024462 0.052177 0.304858
2 0.292941 0.350092 0.033510 0.029490 0.301965
2 0.949058 0.335409 0.088585 0.047714 0.255849
