2 0.588354 0.443743 0.079668 0.082895 0.832702
2 0.362916 0.411965 0.055674 0.066075 0.756105
2 0.269401 0.404427 0.054638 0.078884 0.671901
2 0.536484 0.433663 0.050851 0.058311 0.646558
2 0.497102 0.423016 0.050734 0.054317 0.550975
2 0.463132 0.414401 0.040619 0.042174 0.530071
2 0.322808 0.379746 0.032581 0.033477 0.502725
2 0.229873 0.380383 0.036118 0.055069 0.408742
10 0.046386 0.416366 0.014307 0.070900 0.376085
2 0.433474 0.410215 0.027916 0.037710 0.336245
9 0.156005 0.231882 0.015463 0.047032 0.335082
