0 0.886380 0.588672 0.072081 0.414517 0.846238
2 0.674497 0.506303 0.167413 0.104692 0.816160
0 0.773817 0.578729 0.084510 0.318064 0.797780
9 0.467168 0.099937 0.023912 0.123508 0.755726
2 0.112587 0.507468 0.063154 0.076617 0.718449
2 0.607973 0.489225 0.145880 0.116682 0.659458
9 0.330790 0.161158 0.028053 0.083322 0.580365
2 0.210404 0.494648 0.037783 0.059195 0.523782
0 0.434481 0.504101 0.018651 0.060631 0.426914
2 0.022745 0.513164 0.041492 0.062983 0.407970
0 0.417361 0.488987 0.013481 0.059436 0.406426
2 0.166039 0.495279 0.016439 0.033602 0.396509
2 0.210107 0.549212 0.034269 0.043751 0.339805
9 0.009223 0.071474 0.018365 0.073397 0.304499
2 0.049178 0.511456 0.028850 0.056205 0.289136
9 0.334782 0.337615 0.025557 0.044213 0.276995
