2 0.411731 0.437896 0.047158 0.065384 0.807982
2 0.782898 0.469190 0.289613 0.290699 0.791134
2 0.645249 0.443607 0.102926 0.167342 0.749324
2 0.586972 0.430168 0.081436 0.142976 0.732108
2 0.296583 0.441900 0.081278 0.107803 0.730866
2 0.183143 0.447147 0.078104 0.087354 0.695983
2 0.536428 0.430682 0.058236 0.095130 0.594449
2 0.045100 0.470145 0.089849 0.136687 0.564671
2 0.364130 0.428909 0.028226 0.037079 0.550502
2 0.240342 0.440436 0.036283 0.065855 0.438615
2 0.540553 0.435626 0.035226 0.086307 0.429804
2 0.057943 0.474073 0.063949 0.125585 0.422825
2 0.465665 0.418229 0.029881 0.046482 0.333821
2 0.511581 0.422302 0.053635 0.085613 0.318366
2 0.382979 0.427818 0.017375 0.031716 0.318157
2 0.512042 0.430221 0.035063 0.076316 0.316466
