2 0.462649 0.480481 0.074940 0.088963 0.837503
7 0.823901 0.545671 0.352197 0.383303 0.783695
9 0.041229 0.049382 0.039528 0.093637 0.773194
2 0.255917 0.499158 0.085347 0.126609 0.758392
2 0.371341 0.488433 0.075844 0.105210 0.668036
9 0.383956 0.261186 0.011335 0.048032 0.664502
9 0.305042 0.251258 0.012117 0.048890 0.601846
0 0.591830 0.472537 0.012057 0.066652 0.536545
2 0.418732 0.472507 0.031367 0.043598 0.506523
9 0.065298 0.151149 0.019413 0.090208 0.475367
9 0.785443 0.271327 0.017109 0.077125 0.473389
0 0.655919 0.460467 0.020724 0.069756 0.414090
0 0.169078 0.477003 0.013768 0.080918 0.375938
0 0.142446 0.460262 0.018872 0.093226 0.359198
0 0.106711 0.456533 0.020687 0.103650 0.324374
1 0.079638 0.511682 0.096390 0.088411 0.301248
0 0.618713 0.471847 0.014978 0.075553 0.277211
2 0.333346 0.474371 0.020957 0.065395 0.273476
0 0.167524 0.470435 0.014464 0.083653 0.269858
