2 0.809481 0.558360 0.184367 0.166049 0.899010
9 0.329855 0.059247 0.030171 0.116472 0.823811
2 0.509224 0.528175 0.041036 0.056185 0.785915
2 0.617822 0.535748 0.065619 0.081009 0.588423
2 0.011184 0.587860 0.022256 0.080578 0.582004
2 0.131874 0.576287 0.164554 0.140214 0.581049
2 0.577138 0.912376 0.652903 0.158539 0.521786
2 0.580972 0.524342 0.033854 0.057225 0.518160
9 0.264788 0.338191 0.032120 0.071098 0.411851
2 0.064420 0.570337 0.096207 0.079903 0.402491
2 0.267962 0.551802 0.073082 0.106798 0.391720
2 0.461707 0.852906 0.768196 0.276021 0.358746
