2 0.713655 0.568065 0.175005 0.125873 0.841557
2 0.308223 0.577246 0.113416 0.166500 0.831258
2 0.946910 0.611361 0.105179 0.156676 0.800756
9 0.907957 0.315105 0.033202 0.086932 0.729794
7 0.042204 0.573496 0.084128 0.318075 0.671757
2 0.400284 0.902272 0.772372 0.182503 0.462561
9 0.059600 0.074028 0.118779 0.142881 0.384440
9 0.412597 0.395792 0.021398 0.099966 0.378120
2 0.118257 0.520324 0.029901 0.027036 0.316342
9 0.768670 0.035119 0.030587 0.065922 0.272363
2 0.057430 0.860838 0.114859 0.260182 0.271147
