2 0.698605 0.511293 0.298370 0.203639 0.850788
2 0.143124 0.537745 0.082696 0.081896 0.811997
2 0.914539 0.492798 0.156383 0.076074 0.799011
2 0.249172 0.530376 0.060959 0.065362 0.783490
2 0.205846 0.529492 0.050608 0.068022 0.720998
2 0.308829 0.519301 0.063918 0.071917 0.606848
0 0.041069 0.549397 0.022351 0.080295 0.523233
0 0.019446 0.546349 0.016543 0.070018 0.496294
9 0.703566 0.272046 0.041495 0.075940 0.463316
2 0.457147 0.531690 0.091362 0.067313 0.461951
2 0.374524 0.503714 0.030003 0.038179 0.418035
2 0.535802 0.501118 0.049705 0.049483 0.309119
