2 0.667705 0.677648 0.117050 0.122920 0.883693
2 0.130312 0.652079 0.057784 0.111708 0.778065
2 0.340698 0.631349 0.058208 0.083699 0.763436
2 0.836401 0.667172 0.059795 0.107159 0.721928
0 0.874162 0.704089 0.033067 0.165391 0.720586
0 0.978592 0.686686 0.026354 0.153455 0.674384
2 0.440990 0.662173 0.084153 0.104695 0.673954
9 0.901978 0.305199 0.023349 0.085791 0.666645
0 0.772602 0.659200 0.019802 0.095743 0.556732
2 0.472639 0.631893 0.056417 0.092643 0.518626
9 0.017067 0.492484 0.021076 0.061539 0.488250
0 0.896895 0.671051 0.024167 0.154375 0.471440
2 0.229628 0.645107 0.160564 0.213227 0.458802
9 0.913964 0.522534 0.021887 0.051542 0.453667
0 0.754552 0.660632 0.018764 0.083507 0.365925
7 0.230408 0.638930 0.160816 0.224522 0.357676
9 0.959673 0.513969 0.019268 0.046657 0.318427
7 0.594967 0.620553 0.065696 0.113401 0.286183
0 0.920624 0.682798 0.022837 0.176207 0.272167
