2 0.215862 0.595957 0.094607 0.109379 0.732499
0 0.801474 0.587799 0.022906 0.106621 0.713286
2 0.095543 0.604165 0.139147 0.133063 0.679685
9 0.466444 0.273987 0.023211 0.061334 0.621914
9 0.461001 0.274445 0.022985 0.062366 0.607133
0 0.865129 0.584926 0.021431 0.122555 0.592301
0 0.829921 0.587653 0.022248 0.100850 0.571166
2 0.277738 0.585488 0.051401 0.077415 0.542443
2 0.481743 0.559100 0.038247 0.035820 0.434719
7 0.215643 0.595411 0.095213 0.109177 0.399908
9 0.470381 0.273858 0.016740 0.061834 0.378772
2 0.512755 0.557727 0.026182 0.029544 0.340348
2 0.370081 0.560683 0.029161 0.032087 0.333563
2 0.394572 0.559419 0.026215 0.034957 0.319778
9 0.532783 0.482949 0.009044 0.034608 0.313008
9 0.735672 0.488551 0.012810 0.032990 0.299318
2 0.476197 0.561883 0.035734 0.035672 0.282139
2 0.422627 0.558639 0.021470 0.024199 0.267011
2 0.402483 0.559374 0.022937 0.029499 0.264035
2 0.375040 0.559528 0.033054 0.035677 0.258431
