2 0.067252 0.493975 0.133960 0.123825 0.912276
2 0.819062 0.515918 0.115178 0.100023 0.830404
2 0.922740 0.533752 0.153305 0.132188 0.725169
2 0.748872 0.510239 0.062643 0.072778 0.688055
2 0.413867 0.469235 0.038803 0.060625 0.673416
2 0.901509 0.538690 0.111579 0.122646 0.564092
2 0.157258 0.467841 0.057314 0.065064 0.537889
2 0.720628 0.492692 0.083072 0.074049 0.493360
7 0.490807 0.421977 0.097982 0.241333 0.425437
2 0.379352 0.461737 0.024289 0.026311 0.420305
2 0.266087 0.470013 0.046623 0.059393 0.369162
2 0.333432 0.463419 0.033197 0.041370 0.336684
2 0.278467 0.465029 0.069568 0.060305 0.335940
2 0.675442 0.489216 0.047198 0.068223 0.319278
2 0.331295 0.453946 0.037810 0.056283 0.287167
2 0.295172 0.453040 0.035627 0.042550 0.279388
2 0.373671 0.463823 0.020360 0.026437 0.265158
2 0.296524 0.460398 0.036464 0.056112 0.260769
2 0.667983 0.490572 0.034329 0.061149 0.254992
2 0.548803 0.462492 0.026681 0.036707 0.252856
