2 0.664345 0.333425 0.034341 0.045651 0.625382
2 0.189355 0.274028 0.063241 0.068123 0.601485
2 0.482495 0.308734 0.031761 0.044893 0.596858
2 0.526243 0.318120 0.029732 0.037218 0.563218
2 0.572419 0.317749 0.027969 0.045435 0.539806
2 0.049990 0.253229 0.088567 0.086675 0.511177
2 0.618614 0.328202 0.031861 0.041196 0.507631
2 0.415343 0.297840 0.035897 0.049177 0.414600
2 0.706993 0.334560 0.051270 0.053475 0.366793
2 0.330784 0.283912 0.023994 0.032054 0.353249
2 0.582839 0.319246 0.048211 0.048540 0.330882
7 0.049481 0.251173 0.089200 0.089685 0.294988
2 0.121685 0.300719 0.086032 0.056244 0.294783
2 0.372248 0.290794 0.036927 0.042221 0.268038
