2 0.819358 0.534988 0.104285 0.138690 0.784166
2 0.719530 0.535828 0.136585 0.174828 0.765071
2 0.134999 0.508571 0.103361 0.090379 0.750584
2 0.519549 0.543048 0.155893 0.230618 0.617183
2 0.599686 0.514147 0.037018 0.069264 0.602646
2 0.935492 0.508202 0.047283 0.038250 0.592772
2 0.647274 0.521587 0.024593 0.060304 0.546665
2 0.248995 0.510494 0.086053 0.085644 0.473397
7 0.519716 0.542067 0.156530 0.230321 0.445963
2 0.351389 0.517385 0.043747 0.034056 0.361549
2 0.362806 0.514204 0.058394 0.040240 0.325579
2 0.344661 0.516491 0.031411 0.037179 0.253597
