0 0.022150 0.458668 0.044300 0.259479 0.791947
0 0.953363 0.433857 0.041244 0.174386 0.731624
2 0.556891 0.410768 0.035671 0.048120 0.687747
0 0.853469 0.405917 0.022024 0.116098 0.679628
0 0.788749 0.408054 0.020790 0.093950 0.619060
0 0.986892 0.427113 0.025879 0.178700 0.610036
2 0.526050 0.405721 0.022488 0.028058 0.550464
9 0.985981 0.072235 0.026394 0.081549 0.523863
2 0.040174 0.436685 0.080349 0.180024 0.517912
0 0.815686 0.410102 0.020237 0.101794 0.500402
10 0.096297 0.479442 0.020076 0.075593 0.480850
9 0.153442 0.185988 0.023984 0.078558 0.342296
2 0.408160 0.448534 0.033925 0.048539 0.312114
