2 0.637471 0.631765 0.207983 0.235163 0.926099
0 0.035406 0.610381 0.050106 0.227812 0.758428
0 0.430547 0.538852 0.020258 0.088570 0.659673
7 0.834235 0.482280 0.184913 0.148467 0.581274
2 0.457056 0.528670 0.043368 0.060812 0.564310
0 0.947504 0.531194 0.056425 0.136209 0.560801
0 0.935599 0.531947 0.031553 0.134162 0.502580
7 0.302173 0.643318 0.229132 0.430743 0.466602
9 0.353793 0.216844 0.020842 0.067386 0.445242
2 0.302825 0.642687 0.228199 0.428603 0.418255
2 0.905719 0.543265 0.177349 0.129164 0.401980
0 0.557290 0.535917 0.021285 0.091353 0.395700
3 0.788833 0.570489 0.058323 0.101282 0.331863
0 0.541881 0.528713 0.015567 0.078355 0.315441
9 0.187833 0.250228 0.018759 0.070404 0.277818
2 0.469192 0.933309 0.689480 0.114822 0.276539
