2 0.712600 0.501641 0.178028 0.165883 0.879615
2 0.590947 0.476863 0.112596 0.111840 0.809767
2 0.020781 0.426757 0.041417 0.114692 0.727433
2 0.074807 0.423850 0.089502 0.096898 0.632495
2 0.513688 0.467450 0.053532 0.073904 0.597418
0 0.809683 0.472491 0.028315 0.131954 0.464029
2 0.296533 0.427139 0.030169 0.045516 0.459980
7 0.187553 0.395829 0.037894 0.081647 0.320298
2 0.481679 0.461395 0.035327 0.061161 0.309706
2 0.544386 0.902335 0.894189 0.176808 0.277714
2 0.323245 0.427607 0.022680 0.043519 0.275184
0 0.811004 0.502784 0.028702 0.197201 0.264955
