7 0.730418 0.404634 0.379121 0.390323 0.925245
2 0.406138 0.458679 0.075094 0.087764 0.871999
2 0.502803 0.466017 0.088623 0.106299 0.812997
2 0.040299 0.443680 0.080545 0.121955 0.779768
2 0.309936 0.441951 0.083001 0.116224 0.633008
7 0.164603 0.428783 0.123306 0.181965 0.588078
2 0.088587 0.436066 0.037735 0.086862 0.503895
2 0.077460 0.426283 0.059943 0.107098 0.476545
2 0.234508 0.429409 0.024024 0.049355 0.454274
2 0.362543 0.441853 0.028407 0.042045 0.413678
5 0.164514 0.428428 0.124293 0.180902 0.250340
