2 0.410827 0.698592 0.264304 0.376997 0.935263
2 0.142432 0.580621 0.247332 0.291257 0.894173
2 0.623978 0.582935 0.151734 0.190540 0.850547
9 0.340483 0.374293 0.011370 0.037609 0.721492
2 0.828671 0.731288 0.340211 0.441778 0.721101
2 0.742932 0.518050 0.123954 0.133885 0.652428
9 0.406786 0.376729 0.009698 0.032844 0.622702
2 0.541937 0.552302 0.057799 0.115926 0.554952
2 0.275499 0.543233 0.065757 0.118004 0.540063
2 0.507723 0.533118 0.041928 0.085919 0.537270
2 0.402986 0.489530 0.066719 0.047463 0.458515
2 0.307078 0.500327 0.032343 0.042028 0.438014
2 0.506633 0.516747 0.039806 0.053085 0.388368
2 0.261421 0.490981 0.047341 0.053802 0.296887
9 0.486913 0.386185 0.009880 0.028426 0.269989
