2 0.883803 0.522961 0.231833 0.346789 0.922178
2 0.130331 0.563010 0.260274 0.421532 0.917767
2 0.525418 0.463711 0.142630 0.205547 0.892282
2 0.438516 0.389604 0.065141 0.062337 0.700684
2 0.688666 0.392192 0.098674 0.084056 0.600076
0 0.627024 0.392432 0.019197 0.067126 0.331065
9 0.583590 0.196898 0.014344 0.044232 0.321116
0 0.632970 0.393540 0.016590 0.067325 0.302745
2 0.362173 0.393370 0.030952 0.042754 0.301697
2 0.302950 0.401766 0.058610 0.040282 0.295650
2 0.256352 0.397463 0.050822 0.034666 0.282675
10 0.662903 0.462590 0.017398 0.058720 0.254436
