2 0.489354 0.450335 0.241128 0.253144 0.905990
2 0.387882 0.409216 0.136298 0.222844 0.869906
2 0.145475 0.377872 0.046390 0.072547 0.810238
2 0.049567 0.426932 0.097300 0.108099 0.740973
2 0.321902 0.362900 0.075602 0.136687 0.722454
2 0.093379 0.405900 0.065884 0.094914 0.716131
2 0.126483 0.398805 0.040709 0.083742 0.562979
2 0.170560 0.363678 0.031230 0.051760 0.495656
2 0.228593 0.365936 0.025083 0.025908 0.325331
2 0.868942 0.780580 0.261038 0.402443 0.265776
2 0.136087 0.385674 0.032466 0.067600 0.264690
2 0.037755 0.450502 0.075310 0.127783 0.260439
