0 0.867669 0.544486 0.057057 0.146264 0.749411
2 0.390024 0.568996 0.098373 0.058245 0.739394
9 0.539210 0.208528 0.027604 0.086180 0.685226
0 0.658739 0.592133 0.018796 0.077386 0.630311
2 0.462309 0.563529 0.044942 0.049972 0.503372
9 0.519704 0.208766 0.019431 0.089152 0.498291
0 0.926994 0.519032 0.046087 0.093181 0.460065
2 0.546459 0.567665 0.106032 0.074075 0.387585
0 0.925983 0.540905 0.050349 0.138843 0.357343
9 0.532165 0.208750 0.042461 0.087852 0.327153
7 0.546108 0.567088 0.107793 0.074498 0.325208
9 0.654227 0.428948 0.013896 0.053502 0.298142
2 0.336801 0.556898 0.021921 0.024883 0.286874
2 0.739399 0.573082 0.100606 0.120271 0.277390
0 0.990445 0.535193 0.018582 0.124493 0.270950
2 0.238318 0.554749 0.027807 0.028480 0.258408
