2 0.059736 0.684311 0.119471 0.392902 0.835355
2 0.220312 0.563384 0.204020 0.122315 0.791422
0 0.948259 0.657843 0.079702 0.287710 0.678337
2 0.356835 0.557408 0.072274 0.065926 0.518830
2 0.871924 0.617148 0.099788 0.127581 0.510071
9 0.511779 0.245831 0.029767 0.065578 0.505296
2 0.373256 0.608605 0.043047 0.086287 0.473132
9 0.298072 0.314237 0.033957 0.051618 0.443866
7 0.542923 0.631776 0.325809 0.464554 0.436101
2 0.543236 0.634587 0.326323 0.468546 0.414565
9 0.701181 0.339513 0.018055 0.107168 0.304762
2 0.981564 0.577175 0.036044 0.094942 0.300100
2 0.981466 0.594924 0.036411 0.135162 0.266503
9 0.182597 0.433528 0.015710 0.048876 0.266498
