2 0.470981 0.574875 0.029051 0.041382 0.745903
2 0.433661 0.587747 0.053016 0.070409 0.734466
2 0.265066 0.573129 0.059405 0.070474 0.713496
7 0.555946 0.564416 0.105863 0.164978 0.692886
2 0.050916 0.575326 0.028144 0.043445 0.583301
9 0.132210 0.417024 0.016676 0.047852 0.496338
5 0.338895 0.554719 0.055033 0.094536 0.466286
7 0.338735 0.554974 0.055442 0.095106 0.456142
2 0.751292 0.602420 0.024126 0.031965 0.444117
2 0.556395 0.600260 0.085648 0.094789 0.431152
2 0.955576 0.601487 0.087595 0.074663 0.422032
9 0.097457 0.416454 0.012535 0.045437 0.405731
9 0.694490 0.402327 0.016328 0.053858 0.309290
2 0.209284 0.567518 0.032763 0.030502 0.299696
9 0.696248 0.414239 0.014833 0.030915 0.254695
9 0.128482 0.415604 0.023483 0.050546 0.252073
