2 0.555745 0.496715 0.278275 0.196563 0.912583
0 0.315933 0.481885 0.066296 0.311706 0.862970
0 0.033268 0.512763 0.066536 0.369511 0.842027
0 0.131745 0.490765 0.071593 0.336996 0.801379
2 0.928071 0.482810 0.142820 0.114766 0.791861
0 0.840848 0.555541 0.133769 0.461517 0.773701
2 0.737948 0.492961 0.098113 0.140438 0.689621
0 0.231772 0.484912 0.057673 0.293068 0.655351
1 0.813769 0.679409 0.369824 0.237279 0.582164
0 0.176768 0.490487 0.040031 0.265305 0.565881
0 0.389055 0.441860 0.020691 0.098503 0.473587
2 0.733462 0.471311 0.100764 0.112298 0.434067
0 0.410213 0.435248 0.028980 0.107356 0.347273
5 0.630549 0.371588 0.320614 0.149051 0.328004
24 0.129727 0.434429 0.036863 0.106799 0.277905
