2 0.424820 0.741317 0.447215 0.492600 0.861325
2 0.089670 0.598485 0.179053 0.241212 0.762963
2 0.208352 0.606516 0.105368 0.195421 0.758590
0 0.659674 0.648915 0.074118 0.271791 0.717094
0 0.704369 0.643593 0.047187 0.238203 0.706536
0 0.882285 0.587934 0.052272 0.210613 0.670635
0 0.743071 0.571341 0.025065 0.129094 0.652146
0 0.816399 0.562190 0.021651 0.143640 0.613948
0 0.791883 0.568011 0.029208 0.135648 0.604659
0 0.976262 0.587837 0.045907 0.207517 0.461662
5 0.457899 0.423856 0.152722 0.149266 0.355392
0 0.680611 0.652490 0.037811 0.264265 0.332360
