2 0.904004 0.562731 0.191992 0.283413 0.922870
7 0.751654 0.461332 0.223795 0.274553 0.899981
2 0.572181 0.482562 0.060328 0.094741 0.691499
2 0.614286 0.502089 0.076750 0.105265 0.628862
2 0.059837 0.482263 0.118290 0.109215 0.614258
2 0.092146 0.479050 0.061474 0.101555 0.614213
2 0.504598 0.466824 0.026814 0.046820 0.447021
2 0.501171 0.804151 0.994621 0.368205 0.358534
2 0.259900 0.475625 0.028199 0.040327 0.329481
2 0.625900 0.502636 0.055145 0.103718 0.317450
2 0.507017 0.472146 0.030829 0.055039 0.315968
