5 0.267059 0.339330 0.138445 0.218727 0.708173
7 0.267943 0.339844 0.138840 0.220074 0.666065
2 0.597230 0.415489 0.034385 0.095433 0.665503
2 0.969646 0.478380 0.059784 0.063824 0.665084
2 0.914453 0.457150 0.089241 0.063618 0.660456
7 0.699827 0.365168 0.192063 0.308814 0.619850
2 0.493979 0.820049 0.983670 0.342209 0.551623
2 0.928707 0.460510 0.062518 0.061526 0.548160
2 0.861985 0.446719 0.055571 0.052478 0.543860
7 0.091595 0.302007 0.120817 0.223178 0.492608
2 0.904503 0.452869 0.072837 0.062609 0.445219
