2 0.939837 0.427116 0.119172 0.099764 0.873115
2 0.408689 0.458115 0.199351 0.120166 0.865576
0 0.279827 0.472303 0.037102 0.161231 0.781550
0 0.244548 0.467705 0.037082 0.175039 0.772340
10 0.019576 0.597066 0.038718 0.145848 0.771520
0 0.932820 0.377763 0.018431 0.060846 0.679685
0 0.569848 0.427704 0.019604 0.082201 0.571162
9 0.432919 0.122500 0.015765 0.073152 0.363454
2 0.558187 0.385627 0.020098 0.030507 0.334063
0 0.795878 0.388112 0.014845 0.065981 0.317411
0 0.345848 0.415113 0.014159 0.048373 0.283461
2 0.585706 0.382709 0.029844 0.038184 0.280846
