2 0.126866 0.504728 0.173433 0.171555 0.888338
2 0.912976 0.549440 0.173186 0.408085 0.841125
2 0.252734 0.485579 0.095992 0.108609 0.816235
2 0.021435 0.549994 0.042718 0.267671 0.722742
2 0.318591 0.470130 0.033385 0.073237 0.686509
2 0.589282 0.460896 0.073855 0.100194 0.573521
2 0.510627 0.451987 0.023204 0.049643 0.567764
2 0.516290 0.453137 0.035398 0.054600 0.484540
2 0.297821 0.472910 0.041464 0.090067 0.332289
2 0.309931 0.470069 0.037934 0.079003 0.316757
2 0.481428 0.445147 0.021406 0.036362 0.307551
