2 0.705542 0.766609 0.476300 0.426841 0.920935
0 0.374384 0.567702 0.022708 0.099542 0.668514
0 0.420946 0.584068 0.026502 0.128506 0.619345
5 0.127856 0.527555 0.055112 0.101101 0.583566
2 0.934200 0.873500 0.130867 0.238870 0.562552
2 0.199552 0.556668 0.042534 0.050878 0.542721
5 0.040224 0.546985 0.079925 0.119914 0.534154
0 0.476285 0.573142 0.023972 0.128719 0.532662
0 0.491510 0.578298 0.019728 0.118994 0.328415
0 0.405944 0.554086 0.013791 0.078767 0.300670
0 0.482536 0.575735 0.028749 0.128151 0.256935
2 0.935364 0.909096 0.128687 0.173022 0.253045
