2 0.834392 0.525292 0.183412 0.132500 0.848322
2 0.703382 0.515821 0.124508 0.109722 0.801478
3 0.648599 0.659492 0.150099 0.154025 0.768205
2 0.397610 0.512211 0.039588 0.063255 0.711326
9 0.147236 0.232697 0.018714 0.064215 0.688703
0 0.504342 0.515293 0.023221 0.120613 0.594710
0 0.298342 0.526470 0.027923 0.102152 0.590599
0 0.636001 0.592600 0.065462 0.233891 0.571575
0 0.519016 0.516257 0.016571 0.094152 0.532501
0 0.656055 0.601067 0.106732 0.253321 0.462065
2 0.054245 0.569685 0.108372 0.159467 0.457988
2 0.210994 0.523065 0.068931 0.089581 0.443278
2 0.918649 0.451975 0.077414 0.047622 0.434774
0 0.550564 0.513250 0.020215 0.096437 0.420760
7 0.054696 0.568052 0.109229 0.162980 0.375851
2 0.363571 0.493603 0.032852 0.041083 0.326586
9 0.388263 0.205180 0.037774 0.110084 0.281021
