2 0.352726 0.343096 0.042739 0.154812 0.821625
2 0.251558 0.293817 0.030032 0.034671 0.793494
2 0.823992 0.586864 0.351178 0.667827 0.722292
2 0.862819 0.256553 0.119434 0.049592 0.608233
7 0.465216 0.357628 0.192566 0.348275 0.585076
2 0.662133 0.258058 0.052787 0.049880 0.579378
2 0.780645 0.252503 0.064274 0.058102 0.545884
2 0.332533 0.270294 0.022044 0.031681 0.531778
2 0.082863 0.333892 0.066841 0.048879 0.529771
2 0.755305 0.274083 0.089776 0.035169 0.479172
2 0.561820 0.278288 0.022461 0.048236 0.386103
2 0.303329 0.300030 0.032313 0.043090 0.364674
2 0.957223 0.206831 0.084571 0.109612 0.343686
2 0.582977 0.252260 0.028028 0.048610 0.335074
2 0.623782 0.264747 0.043224 0.037439 0.333310
2 0.623900 0.257904 0.040511 0.049800 0.299059
