2 0.679544 0.414549 0.199493 0.125946 0.861981
0 0.095705 0.435115 0.090766 0.458968 0.798104
0 0.309711 0.346752 0.020064 0.110590 0.712749
2 0.570635 0.389354 0.055018 0.067724 0.558058
0 0.529872 0.381350 0.025229 0.090949 0.521117
2 0.569415 0.384965 0.043089 0.061310 0.516388
0 0.285047 0.342744 0.019695 0.097853 0.452673
0 0.344447 0.336869 0.014841 0.062059 0.421559
2 0.019044 0.288860 0.037865 0.132916 0.410824
9 0.568960 0.119685 0.017904 0.073441 0.408079
7 0.413298 0.342229 0.079838 0.121576 0.397980
0 0.258135 0.331084 0.016797 0.081056 0.395203
9 0.385724 0.035777 0.028784 0.066206 0.305112
0 0.525076 0.381922 0.017946 0.085814 0.264336
