2 0.684834 0.621011 0.121825 0.136277 0.881805
2 0.166575 0.610746 0.129586 0.118545 0.801829
2 0.258700 0.591709 0.063604 0.079648 0.799805
2 0.563899 0.586077 0.039564 0.063463 0.765077
2 0.617048 0.590789 0.091593 0.124572 0.737281
2 0.314661 0.578875 0.047561 0.058474 0.734840
2 0.494645 0.559808 0.023901 0.029323 0.623204
2 0.539561 0.574979 0.030337 0.050851 0.536771
2 0.402599 0.557473 0.022560 0.031541 0.513294
2 0.350102 0.572891 0.041878 0.054164 0.501704
2 0.518646 0.567256 0.025277 0.045439 0.366606
2 0.420605 0.557704 0.020938 0.027728 0.354075
2 0.428449 0.558461 0.014847 0.023525 0.281567
2 0.400238 0.561228 0.024680 0.033859 0.272339
2 0.372905 0.572203 0.022164 0.042897 0.259727
