2 0.750897 0.401166 0.100974 0.113710 0.897789
2 0.558121 0.351617 0.105555 0.053032 0.795203
2 0.651691 0.351627 0.068295 0.051311 0.655578
9 0.955298 0.089009 0.044043 0.106603 0.644632
7 0.235369 0.305628 0.203737 0.116861 0.580238
2 0.967189 0.407081 0.064893 0.159719 0.509580
2 0.844820 0.363100 0.034836 0.031581 0.472212
9 0.928325 0.211846 0.028774 0.065860 0.357675
9 0.844052 0.103485 0.017295 0.062554 0.328184
9 0.984158 0.222185 0.019310 0.055161 0.287321
2 0.661869 0.349812 0.048697 0.049277 0.250455
