2 0.891296 0.446586 0.128897 0.076408 0.887407
2 0.536020 0.551122 0.156127 0.240054 0.854103
2 0.687704 0.498106 0.123329 0.162330 0.822211
0 0.991236 0.471359 0.016865 0.169293 0.702892
2 0.609303 0.457726 0.043029 0.066434 0.658185
0 0.807654 0.471222 0.020219 0.089801 0.649706
2 0.343976 0.473857 0.055517 0.039436 0.578342
2 0.334869 0.473947 0.038032 0.038572 0.521574
2 0.426354 0.459701 0.028832 0.034869 0.496377
9 0.670636 0.217339 0.014841 0.050298 0.421480
9 0.653164 0.217415 0.017370 0.052209 0.396128
0 0.131504 0.486359 0.028248 0.081990 0.368488
2 0.416628 0.461026 0.048277 0.036913 0.309312
2 0.457491 0.457424 0.027253 0.029080 0.303599
2 0.405013 0.462564 0.028475 0.036823 0.269888
