0 0.087435 0.297061 0.022519 0.121884 0.712182
2 0.703143 0.407833 0.162392 0.113126 0.694637
0 0.839826 0.412094 0.022971 0.102729 0.686589
0 0.858406 0.423555 0.020926 0.104085 0.636712
0 0.216051 0.322050 0.017237 0.082774 0.633521
0 0.109253 0.304448 0.024039 0.118126 0.623175
0 0.878678 0.426593 0.026246 0.116135 0.612212
2 0.485120 0.343594 0.034431 0.040752 0.517293
2 0.335219 0.360205 0.250783 0.185145 0.499745
7 0.336998 0.360551 0.249356 0.183763 0.471603
2 0.579688 0.356185 0.037530 0.050823 0.436217
2 0.544391 0.348926 0.028305 0.028466 0.394838
0 0.262555 0.297975 0.023758 0.057387 0.377177
2 0.552692 0.353509 0.019773 0.032077 0.353400
