2 0.925181 0.408777 0.148482 0.277386 0.860251
2 0.447040 0.304773 0.057211 0.079068 0.832536
2 0.803564 0.349421 0.199112 0.182866 0.797636
2 0.628925 0.319047 0.048150 0.086555 0.720579
2 0.513843 0.327232 0.030918 0.094980 0.601581
2 0.251527 0.279148 0.041781 0.047309 0.585068
2 0.562184 0.320693 0.097062 0.163863 0.562305
2 0.301415 0.274144 0.033705 0.045215 0.506390
7 0.561150 0.320210 0.098918 0.161349 0.469870
2 0.515583 0.314725 0.034400 0.122518 0.442034
2 0.496605 0.296516 0.022221 0.045880 0.435699
0 0.152786 0.260342 0.014927 0.068712 0.270367
