2 0.755962 0.487128 0.181595 0.166657 0.907928
2 0.175709 0.497412 0.191583 0.190740 0.886608
2 0.050636 0.466018 0.101084 0.128760 0.856668
2 0.908473 0.552232 0.182407 0.355697 0.808924
2 0.594167 0.421511 0.083404 0.103662 0.602632
2 0.548898 0.407652 0.031849 0.078397 0.555953
2 0.360595 0.396314 0.032890 0.029255 0.517340
2 0.365174 0.394714 0.028405 0.027567 0.491726
2 0.482079 0.394417 0.024893 0.032721 0.490419
2 0.434435 0.404926 0.029780 0.044159 0.464973
2 0.520476 0.409973 0.026688 0.052772 0.381195
2 0.323789 0.403398 0.040929 0.043651 0.372968
2 0.487177 0.397701 0.029096 0.040427 0.292395
