2 0.557271 0.329499 0.058660 0.090547 0.847054
2 0.064874 0.334664 0.105185 0.103034 0.826203
2 0.193490 0.313664 0.069362 0.083617 0.769720
2 0.462045 0.297958 0.037183 0.045628 0.762335
2 0.499440 0.808387 0.997704 0.368809 0.713313
2 0.135086 0.321792 0.050342 0.081532 0.630154
7 0.279195 0.260389 0.071355 0.137250 0.487252
7 0.270960 0.261503 0.049501 0.131206 0.428674
2 0.403368 0.292763 0.034780 0.046200 0.355305
2 0.228512 0.306901 0.037037 0.068699 0.298319
0 0.297563 0.313873 0.027195 0.073466 0.285151
2 0.011918 0.348229 0.023691 0.129177 0.256485
