2 0.829312 0.595181 0.248159 0.273255 0.914470
2 0.525052 0.504438 0.035043 0.053615 0.825485
7 0.351646 0.503751 0.101711 0.170608 0.773682
2 0.635410 0.533409 0.121833 0.151663 0.770682
2 0.478788 0.523758 0.054217 0.079808 0.760754
2 0.964591 0.505508 0.070689 0.042335 0.626168
9 0.625025 0.240330 0.018225 0.082536 0.560035
2 0.414092 0.515046 0.028046 0.066150 0.491525
2 0.714746 0.498577 0.049041 0.044091 0.405680
2 0.581545 0.505864 0.028748 0.054233 0.378015
2 0.462688 0.498617 0.030538 0.048458 0.331103
2 0.720266 0.504229 0.062452 0.057861 0.282523
