2 0.176868 0.512129 0.179400 0.178129 0.901197
2 0.873486 0.660870 0.251633 0.510415 0.898229
2 0.732030 0.499014 0.319260 0.346722 0.866361
0 0.290102 0.481179 0.054745 0.211848 0.777839
2 0.567379 0.486334 0.062902 0.161679 0.659391
2 0.360342 0.460991 0.044809 0.079033 0.622557
2 0.497594 0.442641 0.053198 0.079844 0.502082
2 0.495288 0.879952 0.987049 0.220404 0.462607
1 0.293811 0.571133 0.035739 0.098561 0.457991
2 0.549731 0.460751 0.079431 0.124734 0.419688
1 0.290938 0.555549 0.045942 0.128696 0.415860
2 0.331929 0.465567 0.035317 0.090163 0.372208
2 0.484846 0.440701 0.028572 0.062682 0.326118
2 0.493065 0.442332 0.042907 0.068719 0.324023
2 0.507822 0.444576 0.038853 0.081649 0.289603
2 0.251299 0.454931 0.032738 0.047184 0.252816
