2 0.844860 0.403926 0.091281 0.090203 0.858041
2 0.699802 0.381245 0.058742 0.083038 0.801639
2 0.541455 0.407277 0.079375 0.092523 0.787800
2 0.980909 0.473263 0.037643 0.145846 0.589524
2 0.158089 0.406215 0.205097 0.132008 0.569046
2 0.660979 0.373198 0.029419 0.046361 0.565589
7 0.031891 0.374865 0.063572 0.180808 0.555710
2 0.791982 0.385267 0.052741 0.078893 0.523158
2 0.500012 0.858153 0.995558 0.250359 0.487454
2 0.577120 0.392810 0.033191 0.069841 0.459643
2 0.757308 0.367189 0.052485 0.071754 0.446836
2 0.572193 0.393296 0.026358 0.074556 0.391501
2 0.608206 0.382679 0.021006 0.043938 0.358755
2 0.586349 0.391227 0.030409 0.060266 0.315890
