2 0.815789 0.499865 0.365685 0.405544 0.875160
5 0.243641 0.363411 0.093144 0.157335 0.819991
2 0.593170 0.423581 0.134843 0.142878 0.800149
2 0.125490 0.425398 0.123963 0.104640 0.749728
2 0.015959 0.453199 0.031918 0.179254 0.711895
0 0.648885 0.364134 0.030075 0.071582 0.612227
2 0.546242 0.387274 0.090619 0.126980 0.578746
2 0.297734 0.384056 0.021173 0.043528 0.577200
2 0.491562 0.375485 0.056689 0.092260 0.557752
2 0.341868 0.373711 0.026068 0.030272 0.541489
2 0.453264 0.367107 0.024012 0.033636 0.325971
2 0.471558 0.378581 0.018562 0.040951 0.303968
