2 0.655701 0.600217 0.196301 0.268849 0.916867
2 0.406228 0.571361 0.124874 0.181028 0.896061
2 0.241546 0.591498 0.069917 0.174606 0.840116
2 0.110554 0.618082 0.220868 0.430701 0.834052
2 0.356580 0.536504 0.051646 0.098720 0.533656
9 0.317649 0.140794 0.019472 0.086882 0.502404
7 0.476810 0.504922 0.073641 0.115974 0.490527
9 0.620080 0.168865 0.017880 0.069098 0.446708
9 0.636071 0.169366 0.016602 0.076340 0.371159
2 0.476748 0.503484 0.072797 0.114822 0.337884
9 0.297609 0.141933 0.027793 0.085091 0.334896
9 0.302996 0.139821 0.039618 0.090208 0.256034
