2 0.236915 0.557190 0.332914 0.329055 0.888665
2 0.556200 0.536043 0.180096 0.115733 0.863551
2 0.036447 0.516898 0.072879 0.134057 0.745157
2 0.938639 0.573412 0.122026 0.347361 0.653057
2 0.371529 0.481996 0.043097 0.065376 0.612368
2 0.838328 0.546009 0.144029 0.146565 0.607204
0 0.844533 0.473769 0.019585 0.045547 0.564176
2 0.860654 0.573976 0.119442 0.199890 0.497766
2 0.720555 0.518624 0.122039 0.082685 0.460591
2 0.692811 0.513740 0.066936 0.072514 0.433103
2 0.049255 0.471662 0.093160 0.065946 0.379901
2 0.903823 0.575626 0.191174 0.340648 0.306050
2 0.514183 0.474718 0.060846 0.040903 0.256258
