2 0.855387 0.514268 0.288501 0.339685 0.914029
2 0.570344 0.428747 0.144595 0.086578 0.883417
2 0.032723 0.411566 0.065083 0.082844 0.812672
2 0.301582 0.421124 0.064808 0.088801 0.656931
2 0.732763 0.420009 0.062073 0.077590 0.636492
0 0.162128 0.407661 0.030178 0.083450 0.611920
2 0.415149 0.408697 0.173244 0.284355 0.465927
2 0.977434 0.381531 0.044321 0.074371 0.419501
2 0.976285 0.395552 0.046653 0.102918 0.390124
7 0.415195 0.408795 0.173256 0.282397 0.322025
2 0.501766 0.872498 0.981000 0.248740 0.273552
