2 0.110554 0.488900 0.105130 0.087983 0.907661
2 0.046367 0.634164 0.092714 0.411161 0.820094
9 0.755694 0.221885 0.021204 0.143467 0.687431
9 0.682297 0.137104 0.024874 0.091193 0.672003
0 0.654707 0.466829 0.017339 0.093661 0.657002
2 0.376588 0.471935 0.060590 0.081447 0.645643
2 0.301703 0.491857 0.121390 0.141285 0.598010
9 0.434510 0.284598 0.011166 0.040635 0.497968
2 0.690511 0.484415 0.025224 0.040119 0.480459
2 0.421096 0.449266 0.029717 0.045662 0.415272
2 0.986371 0.487191 0.026363 0.050329 0.336305
9 0.383408 0.299565 0.010451 0.038851 0.321609
9 0.755896 0.245157 0.018774 0.097079 0.302914
2 0.459532 0.448671 0.021764 0.032093 0.283871
9 0.661319 0.143525 0.020575 0.083603 0.272828
