2 0.756994 0.616411 0.131925 0.085370 0.869720
0 0.840978 0.677762 0.045440 0.280790 0.768749
9 0.494252 0.365123 0.010312 0.047746 0.677223
2 0.475292 0.599395 0.066808 0.075656 0.584775
2 0.975747 0.627953 0.040151 0.055890 0.545190
9 0.172574 0.320039 0.030226 0.061860 0.460162
0 0.409727 0.613151 0.027873 0.086837 0.458387
2 0.393640 0.577765 0.035872 0.047270 0.407284
0 0.991619 0.682543 0.015936 0.212478 0.360023
0 0.991121 0.713945 0.017216 0.215350 0.267279
9 0.166224 0.319394 0.022254 0.060889 0.255351
