2 0.695329 0.733322 0.206667 0.216348 0.887208
2 0.453398 0.668936 0.050756 0.079931 0.829034
2 0.320927 0.696956 0.101040 0.130139 0.803447
2 0.555539 0.678589 0.055463 0.070204 0.638896
2 0.139857 0.675741 0.042203 0.071160 0.633801
2 0.544900 0.675985 0.078368 0.071527 0.595700
2 0.186853 0.664984 0.049557 0.066147 0.586134
2 0.090955 0.682208 0.076845 0.082121 0.573559
2 0.026007 0.695419 0.051820 0.096839 0.569095
2 0.264115 0.658794 0.038172 0.044214 0.547964
9 0.811467 0.305359 0.029659 0.111877 0.528789
2 0.419647 0.656300 0.024707 0.036463 0.480065
2 0.781471 0.683910 0.090256 0.120126 0.452500
2 0.193729 0.659999 0.033814 0.054803 0.436937
2 0.794321 0.689436 0.063799 0.107610 0.289383
2 0.398023 0.659373 0.024689 0.027053 0.288950
2 0.490680 0.668264 0.024469 0.044033 0.288607
2 0.152941 0.672872 0.058898 0.069139 0.287413
