2 0.615893 0.666964 0.190399 0.276901 0.844699
0 0.330013 0.598636 0.032634 0.145902 0.709963
0 0.742522 0.574781 0.027143 0.118635 0.664369
2 0.393011 0.585474 0.061298 0.069526 0.599114
7 0.157393 0.460768 0.313675 0.913886 0.579828
9 0.676188 0.336931 0.020278 0.072170 0.521982
0 0.709534 0.573425 0.038856 0.139889 0.462293
0 0.714042 0.574050 0.028269 0.134564 0.441049
2 0.429443 0.570952 0.034453 0.054277 0.372459
2 0.532692 0.544339 0.044796 0.079421 0.309854
9 0.517266 0.326172 0.012641 0.040563 0.290061
2 0.422205 0.570728 0.049842 0.060309 0.274034
5 0.157249 0.459040 0.314158 0.911626 0.273803
2 0.461250 0.557599 0.043875 0.051885 0.262250
2 0.401274 0.581883 0.043596 0.064549 0.258597
