0 0.862966 0.572806 0.037891 0.217865 0.823896
2 0.937294 0.574944 0.124390 0.131873 0.810071
2 0.427884 0.564850 0.067517 0.106514 0.736150
2 0.526656 0.539837 0.067926 0.087638 0.703194
2 0.254181 0.536482 0.058874 0.079995 0.644399
2 0.326412 0.463883 0.027573 0.043091 0.564411
2 0.371536 0.474879 0.034488 0.051779 0.485237
2 0.494559 0.501023 0.043929 0.053472 0.471233
2 0.463996 0.446420 0.030692 0.049253 0.275778
2 0.421734 0.457970 0.026228 0.039297 0.263697
2 0.282981 0.511772 0.039086 0.062623 0.258276
