0 0.759190 0.507599 0.022299 0.105366 0.759276
0 0.489885 0.505485 0.048906 0.155858 0.754785
0 0.113812 0.513511 0.026931 0.123841 0.729866
9 0.255956 0.089951 0.027131 0.088344 0.645567
0 0.943295 0.521915 0.039124 0.123661 0.627131
0 0.734413 0.506267 0.021306 0.098837 0.613283
0 0.260612 0.510710 0.023901 0.112897 0.606046
0 0.348955 0.519179 0.037188 0.102713 0.583652
0 0.874348 0.515169 0.022562 0.111474 0.550483
0 0.064119 0.495244 0.031981 0.114224 0.523547
0 0.645515 0.500784 0.015127 0.086150 0.508629
0 0.067617 0.501908 0.023177 0.121837 0.450840
9 0.230511 0.089321 0.022936 0.087862 0.438965
9 0.105634 0.378166 0.013251 0.039770 0.408456
0 0.793156 0.507498 0.026679 0.124724 0.393803
0 0.664103 0.503630 0.013332 0.069071 0.343711
0 0.567095 0.530115 0.043800 0.100945 0.327295
0 0.226721 0.483783 0.014268 0.057941 0.315889
0 0.437986 0.514694 0.029251 0.086297 0.297496
