7 0.705640 0.323462 0.342254 0.450559 0.952712
2 0.064831 0.450168 0.129663 0.186328 0.764018
2 0.463411 0.429154 0.046316 0.065397 0.729054
9 0.205987 0.117943 0.041295 0.113741 0.581170
2 0.410612 0.406038 0.049082 0.036044 0.549394
9 0.150623 0.114610 0.042157 0.109966 0.521122
2 0.517357 0.427942 0.033489 0.058194 0.494032
2 0.234325 0.419498 0.057603 0.077691 0.421077
2 0.228805 0.419348 0.039570 0.076282 0.282818
11 0.139184 0.385427 0.067807 0.111504 0.280051
2 0.245018 0.417974 0.039416 0.076453 0.262332
