2 0.235601 0.394607 0.151838 0.161275 0.892448
2 0.108570 0.362970 0.066222 0.051952 0.809123
2 0.545467 0.331750 0.073706 0.102480 0.777607
2 0.380836 0.338904 0.053562 0.059058 0.625681
2 0.020455 0.379208 0.040910 0.055144 0.621550
2 0.498528 0.301043 0.025767 0.027109 0.509342
2 0.560203 0.833441 0.775216 0.295887 0.469394
2 0.177682 0.350456 0.081895 0.076432 0.461331
2 0.461514 0.308048 0.026180 0.040134 0.419285
2 0.299757 0.316822 0.029392 0.031586 0.387213
2 0.412675 0.317063 0.025796 0.044058 0.336232
2 0.344950 0.312546 0.032589 0.027416 0.324050
2 0.341830 0.316024 0.040871 0.030718 0.285274
2 0.432064 0.308861 0.024745 0.033339 0.275370
