2 0.304967 0.472775 0.072510 0.075756 0.888854
2 0.590537 0.530087 0.188584 0.290232 0.861701
2 0.715064 0.437867 0.072933 0.086829 0.730853
2 0.957678 0.577047 0.083743 0.320497 0.623998
9 0.443865 0.245901 0.012030 0.054129 0.622160
2 0.375050 0.448849 0.046686 0.058839 0.620288
5 0.100000 0.589880 0.199940 0.733353 0.604245
2 0.222586 0.467184 0.045751 0.048407 0.455541
2 0.669035 0.437082 0.019494 0.050253 0.426230
9 0.663445 0.117147 0.018540 0.079328 0.376301
2 0.499081 0.459809 0.021581 0.031385 0.351358
2 0.269040 0.440232 0.030790 0.029971 0.321655
