2 0.198308 0.533403 0.164474 0.206640 0.846126
2 0.337970 0.486786 0.075244 0.091252 0.836595
2 0.030559 0.567935 0.060761 0.162513 0.833178
2 0.080305 0.497111 0.124308 0.119582 0.826587
2 0.439352 0.505550 0.103930 0.152054 0.816460
2 0.932174 0.493106 0.134340 0.106100 0.760882
2 0.518433 0.492170 0.056929 0.065722 0.715399
9 0.269706 0.155720 0.019800 0.074356 0.693574
2 0.974147 0.501718 0.051198 0.112165 0.469126
9 0.604544 0.321353 0.014615 0.060794 0.351221
9 0.572464 0.123052 0.023011 0.062785 0.267417
9 0.572921 0.139563 0.023923 0.095062 0.263727
