2 0.759051 0.466119 0.139353 0.186105 0.848746
2 0.150583 0.480045 0.077426 0.076950 0.822140
2 0.250001 0.461454 0.066364 0.076812 0.699045
2 0.891050 0.498037 0.216806 0.466618 0.684963
2 0.509167 0.428311 0.035572 0.053133 0.661568
2 0.691332 0.435197 0.103448 0.144007 0.649558
2 0.010258 0.513941 0.020516 0.079099 0.557217
2 0.063744 0.492180 0.111624 0.094229 0.519495
2 0.610583 0.437852 0.045827 0.089811 0.421421
2 0.462168 0.427363 0.031692 0.046392 0.385761
2 0.366288 0.442795 0.027778 0.042886 0.310650
2 0.624543 0.442188 0.061356 0.098158 0.281266
