2 0.469997 0.745741 0.190747 0.278601 0.920134
2 0.332795 0.695924 0.118101 0.146616 0.882699
2 0.126125 0.757429 0.251586 0.454458 0.847846
2 0.790316 0.642929 0.130027 0.077160 0.744299
9 0.478054 0.449495 0.011986 0.050950 0.723386
9 0.512562 0.428322 0.016688 0.038283 0.499604
9 0.412462 0.477994 0.016193 0.044125 0.430423
2 0.393141 0.659918 0.039766 0.062072 0.391772
9 0.392267 0.474051 0.016179 0.049926 0.390376
9 0.488105 0.446730 0.025129 0.052105 0.356266
9 0.396537 0.475074 0.015080 0.048339 0.274887
2 0.706190 0.651186 0.066451 0.059817 0.264354
2 0.579577 0.646816 0.036081 0.043957 0.263901
2 0.224428 0.673937 0.065521 0.106932 0.255603
