5 0.139666 0.376814 0.277958 0.747452 0.906413
0 0.928019 0.353810 0.043153 0.204052 0.880895
2 0.438467 0.380712 0.088271 0.145370 0.880223
2 0.500588 0.843317 0.994392 0.285028 0.776532
2 0.352168 0.361080 0.030305 0.042173 0.767674
2 0.300014 0.371610 0.033938 0.038482 0.758219
2 0.375159 0.354772 0.022894 0.036628 0.545565
9 0.990770 0.106628 0.017664 0.077476 0.479406
2 0.326657 0.363963 0.021743 0.031498 0.437642
9 0.421060 0.152322 0.018437 0.046450 0.379552
9 0.426050 0.151925 0.014025 0.045177 0.372347
9 0.665070 0.069139 0.013086 0.035802 0.325142
9 0.733117 0.176468 0.007897 0.054152 0.261604
