2 0.023642 0.399878 0.047215 0.123612 0.781957
2 0.436714 0.396707 0.070406 0.076281 0.769353
2 0.487431 0.366515 0.048849 0.063781 0.727886
2 0.686041 0.373033 0.054240 0.072932 0.707754
2 0.523689 0.349478 0.036246 0.043345 0.518362
11 0.347623 0.230635 0.029171 0.056669 0.481199
2 0.525379 0.343851 0.040594 0.039100 0.452820
9 0.685524 0.029382 0.022576 0.056793 0.432071
0 0.816837 0.370496 0.014806 0.066854 0.382500
9 0.830818 0.276456 0.013897 0.038210 0.343475
2 0.651721 0.368187 0.021683 0.052734 0.319258
11 0.807001 0.176081 0.035090 0.056128 0.317125
9 0.650227 0.030942 0.021326 0.058618 0.278887
2 0.634713 0.343710 0.020141 0.028659 0.252813
