2 0.282026 0.512618 0.108801 0.136142 0.879081
0 0.661848 0.563645 0.025742 0.105962 0.805705
0 0.965008 0.716788 0.044533 0.233275 0.640855
2 0.471135 0.521764 0.058765 0.072162 0.569185
7 0.217952 0.415965 0.064255 0.108835 0.535306
9 0.873470 0.603027 0.048496 0.122712 0.521979
2 0.157817 0.434184 0.034959 0.042981 0.510558
2 0.112616 0.430570 0.049355 0.062535 0.501901
9 0.882568 0.600704 0.029069 0.115855 0.497232
9 0.895668 0.465267 0.026166 0.065401 0.478919
2 0.040221 0.432717 0.049648 0.066515 0.452654
0 0.942102 0.667016 0.046392 0.206479 0.426230
2 0.008438 0.423154 0.016673 0.094290 0.356718
2 0.075707 0.435314 0.035556 0.057502 0.312085
9 0.888091 0.375246 0.033786 0.115427 0.273839
2 0.428463 0.509702 0.031789 0.039056 0.265224
