2 0.244082 0.414759 0.075726 0.100788 0.844214
0 0.668747 0.455567 0.050830 0.177261 0.785406
2 0.526930 0.438376 0.099195 0.129843 0.777670
0 0.629530 0.435069 0.028470 0.148952 0.777431
0 0.928291 0.486336 0.052991 0.232457 0.772397
10 0.121176 0.460443 0.015494 0.054282 0.759330
0 0.885463 0.490669 0.044493 0.218861 0.745284
2 0.499918 0.828650 0.994191 0.336902 0.581430
2 0.276030 0.401353 0.062103 0.096760 0.560048
2 0.459436 0.389244 0.041907 0.081589 0.523068
0 0.407883 0.416607 0.022902 0.108905 0.498909
9 0.936300 0.164646 0.027912 0.103578 0.496880
3 0.411689 0.440823 0.026028 0.092429 0.456250
2 0.483927 0.414938 0.042534 0.097409 0.443826
2 0.340025 0.383329 0.027810 0.053489 0.412621
0 0.415600 0.413516 0.023656 0.109102 0.409263
2 0.372674 0.371666 0.036476 0.036297 0.397533
0 0.404490 0.414245 0.016613 0.104452 0.355027
2 0.304759 0.388361 0.032686 0.097025 0.343190
0 0.594676 0.416148 0.019170 0.120580 0.321038
2 0.375383 0.368640 0.028964 0.033714 0.277029
12 0.159804 0.413608 0.039156 0.103427 0.255881
