2 0.559845 0.582898 0.131006 0.189641 0.903162
2 0.928181 0.615431 0.142779 0.335398 0.884111
2 0.690383 0.506165 0.059775 0.083987 0.837832
2 0.244940 0.516359 0.057420 0.087191 0.816908
2 0.624707 0.499359 0.034575 0.045884 0.777416
2 0.130769 0.523984 0.049960 0.063687 0.754832
5 0.558631 0.448607 0.084947 0.097706 0.723192
7 0.166591 0.509405 0.050773 0.070704 0.709102
2 0.726557 0.483056 0.030172 0.044782 0.625346
2 0.768172 0.480594 0.029228 0.035248 0.571102
9 0.375175 0.373304 0.009819 0.028763 0.447600
9 0.054398 0.400828 0.008947 0.028470 0.329016
2 0.746394 0.475687 0.017856 0.029854 0.281403
2 0.813889 0.484146 0.027154 0.036857 0.277199
