7 0.585402 0.558108 0.211213 0.380794 0.895419
2 0.083116 0.613657 0.142333 0.138470 0.873681
2 0.212275 0.587349 0.071222 0.078805 0.864794
2 0.807502 0.647894 0.181098 0.157196 0.829394
2 0.297084 0.582144 0.044337 0.044931 0.822608
2 0.017688 0.654546 0.035148 0.110089 0.774368
2 0.912168 0.642764 0.174162 0.165840 0.772756
2 0.713958 0.619569 0.058586 0.077462 0.770346
2 0.151497 0.585147 0.054074 0.075813 0.701482
2 0.406285 0.583319 0.026440 0.038528 0.614505
2 0.250889 0.577099 0.050497 0.073382 0.598136
2 0.473890 0.600836 0.020711 0.067613 0.593700
2 0.455715 0.586213 0.029945 0.048949 0.559749
2 0.976651 0.610642 0.046103 0.061881 0.529632
2 0.317851 0.573773 0.028367 0.045291 0.524935
2 0.364532 0.576677 0.031764 0.045744 0.497523
2 0.342269 0.576441 0.023584 0.033100 0.492847
2 0.431029 0.579957 0.019277 0.028508 0.457496
2 0.398472 0.581970 0.042117 0.040304 0.389578
2 0.387129 0.580315 0.019818 0.039102 0.299574
2 0.012298 0.585322 0.024596 0.032369 0.272097
2 0.180320 0.561371 0.040554 0.042660 0.257148
