2 0.656705 0.524853 0.110726 0.117387 0.838648
2 0.530104 0.476313 0.057862 0.075347 0.798380
2 0.596769 0.498152 0.078263 0.093795 0.707904
2 0.223782 0.442913 0.041469 0.037112 0.664605
2 0.496315 0.456204 0.041290 0.067143 0.575279
2 0.471709 0.451835 0.023035 0.042992 0.455944
2 0.427253 0.442756 0.020490 0.032841 0.381807
2 0.452802 0.453147 0.023055 0.038991 0.378901
2 0.310103 0.439915 0.026035 0.030048 0.368276
2 0.269132 0.435988 0.019426 0.032421 0.323802
2 0.445027 0.448612 0.015004 0.030875 0.317607
2 0.503491 0.460377 0.030376 0.061426 0.314508
2 0.343564 0.439952 0.014154 0.027851 0.286741
2 0.497428 0.884490 0.990157 0.197093 0.278932
2 0.580979 0.498605 0.047027 0.086889 0.265210
