2 0.090568 0.483196 0.180572 0.229530 0.907135
7 0.297274 0.401890 0.086986 0.129844 0.850836
2 0.236690 0.462420 0.085013 0.120568 0.745521
2 0.370190 0.438752 0.039685 0.046241 0.745492
2 0.668276 0.414546 0.089220 0.075654 0.644229
0 0.717873 0.425807 0.023157 0.081109 0.613854
2 0.500788 0.871200 0.994247 0.224168 0.536536
2 0.909672 0.401002 0.087140 0.045793 0.480518
2 0.190463 0.453534 0.059691 0.107070 0.473863
2 0.973819 0.400830 0.042832 0.044570 0.427359
2 0.831347 0.417734 0.092570 0.080407 0.305956
2 0.909503 0.415252 0.086687 0.073643 0.293841
0 0.710943 0.425298 0.014726 0.081881 0.292976
2 0.860451 0.418374 0.040181 0.073418 0.268634
