2 0.170917 0.479780 0.322189 0.308032 0.870951
2 0.338945 0.458287 0.065309 0.069314 0.809059
2 0.555694 0.459038 0.054950 0.076984 0.797651
2 0.521527 0.452200 0.031570 0.057446 0.722591
2 0.429742 0.456861 0.087108 0.105907 0.679323
5 0.919364 0.530265 0.160358 0.387953 0.662282
9 0.705086 0.109358 0.031309 0.079034 0.634121
9 0.032752 0.286248 0.013685 0.053578 0.629969
0 0.886558 0.489645 0.025234 0.105202 0.615814
2 0.634051 0.457303 0.033392 0.044278 0.581893
9 0.310573 0.177010 0.011825 0.053709 0.555668
0 0.735618 0.473597 0.034339 0.144760 0.419939
0 0.851881 0.483380 0.021394 0.128900 0.416065
2 0.363985 0.450890 0.048537 0.064839 0.408759
2 0.588013 0.443652 0.032701 0.054814 0.390115
2 0.663872 0.456068 0.024188 0.043967 0.361638
0 0.866375 0.485812 0.017975 0.109678 0.353431
2 0.373527 0.450492 0.059494 0.067299 0.348131
7 0.585085 0.421296 0.042333 0.101847 0.347915
7 0.701368 0.446488 0.051632 0.083489 0.338801
2 0.390695 0.448317 0.027618 0.060260 0.331442
9 0.712589 0.109334 0.016348 0.074123 0.331438
2 0.490302 0.442942 0.015992 0.033931 0.331107
2 0.934987 0.575340 0.129381 0.297414 0.324021
0 0.847665 0.482747 0.026036 0.129287 0.279238
2 0.706259 0.461620 0.041479 0.054102 0.260100
0 0.740866 0.504699 0.018925 0.083626 0.254094
