2 0.351807 0.595935 0.136330 0.176877 0.900287
2 0.667543 0.569533 0.099003 0.110926 0.839589
2 0.608088 0.560759 0.066539 0.081568 0.824215
2 0.462101 0.547228 0.061835 0.088769 0.789673
2 0.566250 0.563816 0.041610 0.052057 0.705816
2 0.127035 0.523074 0.034433 0.041292 0.572129
2 0.497565 0.553259 0.025083 0.045058 0.568655
2 0.415313 0.544618 0.025636 0.041646 0.550469
5 0.372746 0.486870 0.054774 0.061848 0.535895
2 0.858881 0.650923 0.281382 0.369184 0.509582
7 0.858704 0.651488 0.281996 0.369340 0.503977
5 0.043414 0.518946 0.086462 0.162003 0.341085
7 0.372829 0.485741 0.054163 0.057374 0.339774
