2 0.301551 0.640125 0.119219 0.132045 0.903741
7 0.779321 0.647452 0.273373 0.252945 0.849160
2 0.622086 0.628914 0.074830 0.124451 0.830574
9 0.127716 0.407758 0.013145 0.051073 0.806276
2 0.408978 0.594139 0.057133 0.076968 0.735799
2 0.486066 0.599448 0.047305 0.070068 0.637948
9 0.054072 0.400616 0.015759 0.051409 0.628537
2 0.369120 0.589137 0.029541 0.036508 0.617208
9 0.982408 0.151751 0.034035 0.087872 0.497503
2 0.164780 0.602433 0.039395 0.033906 0.457058
9 0.231841 0.418859 0.023136 0.049582 0.446650
2 0.211624 0.599821 0.057018 0.049407 0.403918
9 0.491153 0.458473 0.010941 0.039831 0.377630
2 0.540398 0.577403 0.022264 0.029663 0.317749
2 0.440508 0.581821 0.014588 0.016596 0.297021
2 0.348692 0.595226 0.018620 0.038228 0.277834
2 0.505432 0.574718 0.013881 0.023066 0.270178
9 0.389346 0.458882 0.015583 0.036825 0.265211
2 0.197790 0.602204 0.032062 0.046534 0.263664
