2 0.930481 0.589814 0.139038 0.161262 0.862582
2 0.146678 0.665583 0.292914 0.420664 0.849610
2 0.847941 0.578371 0.112467 0.133560 0.844616
2 0.425315 0.567791 0.128308 0.168410 0.819247
2 0.496695 0.573346 0.054213 0.098014 0.781928
2 0.536260 0.561755 0.063409 0.082869 0.720309
2 0.316514 0.612676 0.220472 0.227313 0.711299
2 0.787524 0.576297 0.061622 0.096980 0.652941
2 0.701856 0.556205 0.033262 0.045244 0.441492
2 0.718998 0.568029 0.035410 0.030940 0.297796
2 0.552310 0.561062 0.032063 0.073047 0.265789
