0 0.615423 0.240715 0.017122 0.067238 0.655811
0 0.210216 0.241097 0.023235 0.093648 0.654513
0 0.659007 0.231631 0.012302 0.064181 0.532950
2 0.481128 0.227896 0.033038 0.033270 0.525521
0 0.570286 0.232820 0.012326 0.056579 0.437222
2 0.504605 0.223398 0.015938 0.029155 0.402931
2 0.476555 0.230101 0.024708 0.035308 0.393043
2 0.526200 0.229968 0.029559 0.053575 0.371121
0 0.637018 0.235077 0.012890 0.063643 0.307936
2 0.402770 0.225414 0.020916 0.025555 0.286902
7 0.526602 0.229134 0.030534 0.053930 0.253529
