2 0.246804 0.589890 0.093943 0.084474 0.898877
2 0.705409 0.595157 0.086166 0.092260 0.891574
2 0.354443 0.594002 0.063357 0.064410 0.772896
2 0.442938 0.606981 0.030177 0.033031 0.662593
2 0.628601 0.602795 0.033944 0.054156 0.647297
2 0.412239 0.604206 0.031231 0.037594 0.563997
2 0.654209 0.598712 0.029369 0.067964 0.517085
2 0.595304 0.610044 0.032732 0.041428 0.506431
2 0.480883 0.597242 0.022258 0.022614 0.459739
2 0.589730 0.611912 0.042536 0.039861 0.430522
2 0.558116 0.601264 0.022290 0.023112 0.310539
