2 0.198983 0.410962 0.262726 0.279533 0.937669
2 0.817102 0.326653 0.109231 0.086282 0.835157
2 0.408041 0.345781 0.055938 0.069734 0.823812
2 0.500704 0.348119 0.077423 0.127621 0.822476
2 0.859374 0.338457 0.076816 0.091109 0.707738
9 0.026646 0.090775 0.016948 0.059479 0.624223
9 0.487235 0.109016 0.012973 0.046316 0.569646
9 0.044911 0.089149 0.015812 0.057876 0.505180
0 0.628435 0.338255 0.013415 0.070693 0.500945
2 0.443431 0.334946 0.027307 0.044972 0.493071
9 0.497718 0.108672 0.016312 0.047226 0.455352
2 0.492273 0.846529 0.982954 0.288465 0.390589
0 0.065988 0.365176 0.014476 0.063280 0.367838
2 0.897319 0.339038 0.152650 0.092987 0.328331
9 0.320583 0.227700 0.011984 0.033186 0.277105
2 0.461619 0.324105 0.020609 0.042657 0.262971
