2 0.594318 0.763690 0.066835 0.114716 0.811958
2 0.949637 0.711486 0.099838 0.207853 0.799658
2 0.287251 0.799350 0.097705 0.101919 0.789435
2 0.386391 0.780053 0.046733 0.054988 0.733475
2 0.449047 0.764051 0.026431 0.038413 0.630656
2 0.340950 0.782664 0.045700 0.087279 0.629728
11 0.203873 0.709360 0.026354 0.053186 0.535311
2 0.412788 0.772178 0.029504 0.051607 0.516677
2 0.429525 0.767149 0.022333 0.044845 0.512787
2 0.420664 0.771069 0.018324 0.048950 0.378835
2 0.467887 0.761643 0.018655 0.031646 0.361667
2 0.480078 0.758083 0.018355 0.028088 0.352163
2 0.491396 0.753926 0.017644 0.027950 0.260310
