2 0.837261 0.738053 0.323657 0.499245 0.915642
2 0.670557 0.682364 0.261831 0.262582 0.880346
2 0.394012 0.551766 0.034507 0.043257 0.760506
0 0.255259 0.532586 0.021108 0.073406 0.717321
2 0.178953 0.521022 0.037542 0.042790 0.705650
9 0.365682 0.347165 0.019203 0.043054 0.601387
9 0.689657 0.446783 0.034645 0.051111 0.557103
9 0.109075 0.305870 0.018619 0.045355 0.543101
2 0.327639 0.537418 0.018700 0.021681 0.443956
2 0.210134 0.520182 0.030085 0.034134 0.423999
2 0.366839 0.538694 0.019157 0.035995 0.380398
5 0.346615 0.524677 0.030269 0.038037 0.365199
0 0.490862 0.558544 0.013789 0.054152 0.291758
