2 0.583193 0.453955 0.090283 0.107461 0.897673
7 0.213376 0.387940 0.104680 0.111459 0.879637
0 0.797135 0.437298 0.026222 0.147357 0.822378
0 0.968689 0.469283 0.061758 0.258692 0.820986
7 0.402257 0.393430 0.046740 0.097066 0.820778
7 0.525855 0.405386 0.058392 0.104391 0.745586
2 0.468567 0.423197 0.042442 0.052603 0.711161
2 0.542050 0.436171 0.039823 0.083188 0.710662
9 0.169020 0.202642 0.015367 0.064145 0.704429
2 0.386330 0.413558 0.049426 0.078167 0.685736
9 0.397160 0.013748 0.048642 0.027496 0.638501
7 0.031588 0.396759 0.062536 0.157321 0.589303
2 0.526019 0.429576 0.035854 0.072002 0.361944
9 0.444530 0.339241 0.006782 0.016884 0.318413
