0 0.390718 0.673910 0.101026 0.419727 0.882804
2 0.455148 0.593028 0.048938 0.090930 0.879375
0 0.258364 0.667460 0.086162 0.458161 0.862582
7 0.142583 0.512623 0.194725 0.263805 0.851692
2 0.027563 0.560152 0.055073 0.114245 0.827209
7 0.587100 0.648124 0.214011 0.273132 0.809246
2 0.482119 0.605151 0.053239 0.122203 0.781510
0 0.696770 0.604436 0.039865 0.175182 0.669500
2 0.361026 0.550289 0.024639 0.041260 0.617849
56 0.796057 0.672697 0.027799 0.098036 0.559358
56 0.862769 0.695536 0.037653 0.113486 0.554865
0 0.936896 0.644583 0.033204 0.259836 0.547783
56 0.822467 0.683097 0.032029 0.111283 0.513140
0 0.826311 0.598442 0.027214 0.061974 0.497883
0 0.860081 0.618166 0.046511 0.090229 0.464285
0 0.672500 0.553462 0.022307 0.101575 0.437069
2 0.068264 0.948292 0.135191 0.098519 0.410515
56 0.912828 0.699864 0.039798 0.112297 0.406490
0 0.902087 0.650005 0.050526 0.198958 0.404300
9 0.587399 0.312560 0.033391 0.078316 0.315986
56 0.790300 0.672275 0.038190 0.096579 0.309768
0 0.745125 0.604600 0.033780 0.074868 0.306111
56 0.732353 0.661785 0.021144 0.094284 0.302181
56 0.751404 0.680619 0.030548 0.064250 0.296488
2 0.434095 0.588826 0.019681 0.090658 0.269541
56 0.738001 0.662199 0.029213 0.095417 0.251882
