2 0.678970 0.497085 0.162224 0.163809 0.884740
2 0.113630 0.603842 0.225900 0.481515 0.882356
2 0.361766 0.489142 0.173834 0.194966 0.881396
2 0.831977 0.478677 0.120811 0.131179 0.866843
2 0.925873 0.503150 0.146993 0.189017 0.801404
2 0.760516 0.451011 0.067730 0.051924 0.707010
7 0.553748 0.447169 0.094694 0.127261 0.492611
0 0.451776 0.418428 0.013194 0.049967 0.477838
2 0.553332 0.447065 0.094303 0.126161 0.463469
2 0.430406 0.423722 0.027255 0.047758 0.376285
2 0.617975 0.444504 0.039374 0.054924 0.350446
2 0.617694 0.456020 0.041570 0.078752 0.321043
