2 0.864232 0.672602 0.270428 0.442882 0.917410
2 0.598187 0.551464 0.105193 0.157587 0.848972
7 0.719546 0.487418 0.046727 0.067363 0.789624
0 0.093760 0.527272 0.023614 0.127801 0.718283
9 0.399127 0.135690 0.022128 0.152775 0.655065
0 0.031838 0.548254 0.020823 0.106458 0.645958
0 0.005280 0.532527 0.010560 0.085905 0.623547
2 0.515451 0.509802 0.025330 0.038373 0.590348
2 0.673370 0.496670 0.022406 0.038024 0.532133
1 0.283269 0.535129 0.021340 0.048328 0.364881
0 0.428476 0.508742 0.011424 0.048355 0.364707
