9 0.673972 0.224250 0.039652 0.172345 0.833345
2 0.739467 0.665245 0.165699 0.137249 0.719220
2 0.923030 0.624909 0.143327 0.055411 0.711450
2 0.255592 0.653548 0.088475 0.057910 0.665240
2 0.476440 0.641927 0.097398 0.071108 0.583678
9 0.680612 0.481334 0.031421 0.058365 0.523511
2 0.832231 0.636405 0.094998 0.036809 0.501599
2 0.336253 0.638254 0.051817 0.032427 0.354017
2 0.832709 0.637166 0.109912 0.047201 0.350899
2 0.556719 0.639623 0.045716 0.030432 0.345184
2 0.343068 0.639988 0.040620 0.031580 0.328021
2 0.974545 0.625390 0.050485 0.046477 0.324865
2 0.605748 0.642482 0.129504 0.050615 0.312210
