2 0.454762 0.645702 0.048910 0.074353 0.867022
2 0.755211 0.607356 0.160524 0.108845 0.797512
2 0.040765 0.660706 0.081322 0.077229 0.671896
2 0.339249 0.650505 0.053140 0.068567 0.663757
2 0.124894 0.662227 0.102281 0.066521 0.648651
2 0.411313 0.626931 0.032821 0.049604 0.588166
5 0.552018 0.595410 0.059598 0.094687 0.474573
2 0.484354 0.613847 0.023970 0.027821 0.460787
7 0.553610 0.596229 0.063935 0.094663 0.402429
2 0.669064 0.602352 0.078091 0.064140 0.398721
2 0.195922 0.652861 0.077019 0.061024 0.377546
2 0.057850 0.659384 0.049684 0.072251 0.327713
2 0.482798 0.616732 0.026239 0.038078 0.320019
2 0.245840 0.646284 0.050580 0.042479 0.295436
2 0.023525 0.661816 0.046906 0.075155 0.257701
