2 0.590760 0.619225 0.332748 0.395484 0.918494
2 0.911913 0.581517 0.174852 0.133967 0.865190
2 0.444677 0.508942 0.082378 0.131124 0.857798
2 0.390558 0.484116 0.046017 0.062081 0.850919
2 0.045418 0.630694 0.090161 0.413176 0.831445
2 0.341387 0.460538 0.023271 0.032534 0.719943
2 0.749671 0.574662 0.082320 0.153343 0.533897
2 0.369136 0.466648 0.019301 0.035907 0.477215
9 0.579291 0.338520 0.014439 0.049218 0.438859
0 0.879680 0.566722 0.024910 0.105272 0.383750
2 0.495684 0.895201 0.989629 0.180269 0.339517
2 0.799007 0.540502 0.050250 0.073888 0.262080
