2 0.156677 0.661896 0.313353 0.293913 0.929074
2 0.544525 0.659608 0.242031 0.366565 0.919639
2 0.933783 0.573386 0.127478 0.094679 0.835395
5 0.339292 0.560973 0.079938 0.103577 0.829478
2 0.974671 0.581734 0.049902 0.076053 0.815723
9 0.932795 0.142535 0.024545 0.101977 0.795588
9 0.461707 0.294414 0.014793 0.054921 0.753984
0 0.719846 0.575848 0.014376 0.068759 0.707482
0 0.691365 0.571503 0.013021 0.064371 0.706161
9 0.796933 0.444162 0.013222 0.050512 0.620481
9 0.727362 0.451425 0.013882 0.051618 0.607711
0 0.851966 0.580947 0.019374 0.077857 0.598980
0 0.669850 0.575688 0.014680 0.072875 0.586497
0 0.657816 0.576420 0.013906 0.071988 0.542523
9 0.766653 0.447790 0.013631 0.052895 0.530029
9 0.728748 0.509007 0.012798 0.024022 0.489503
2 0.386353 0.582804 0.017170 0.032343 0.451938
9 0.152796 0.486224 0.013317 0.055626 0.425765
2 0.403852 0.577722 0.021618 0.031297 0.390209
9 0.652957 0.340888 0.008843 0.035124 0.283881
