2 0.304653 0.567435 0.083482 0.103874 0.867384
2 0.962225 0.554132 0.074910 0.122355 0.839271
2 0.365579 0.553789 0.053525 0.081168 0.828768
2 0.147259 0.548330 0.147706 0.095496 0.813587
2 0.404070 0.548860 0.029037 0.043683 0.792354
2 0.540024 0.549482 0.040529 0.056857 0.723798
2 0.472679 0.545490 0.018255 0.025454 0.490641
2 0.457068 0.544973 0.017332 0.028437 0.447908
2 0.609464 0.553620 0.064976 0.058768 0.427699
2 0.609564 0.545355 0.063350 0.041682 0.378447
2 0.495320 0.546084 0.023089 0.022738 0.374587
