2 0.806386 0.632022 0.219559 0.208049 0.909105
2 0.691675 0.604759 0.087522 0.129287 0.806495
2 0.579468 0.573627 0.048245 0.063615 0.734348
2 0.970466 0.581337 0.058181 0.075657 0.668725
2 0.137325 0.571851 0.083427 0.080534 0.664201
2 0.644399 0.585216 0.097226 0.123014 0.586495
2 0.629503 0.582395 0.071820 0.119218 0.501807
2 0.247041 0.568018 0.052586 0.045089 0.479510
2 0.547925 0.566849 0.032255 0.063418 0.464296
2 0.485207 0.552243 0.032114 0.048937 0.451298
2 0.305218 0.565633 0.046537 0.030391 0.389003
2 0.339696 0.560555 0.027919 0.031387 0.388666
2 0.536844 0.563159 0.025554 0.059015 0.338250
2 0.296505 0.565214 0.029115 0.030861 0.294789
