2 0.731027 0.555590 0.108153 0.098144 0.857413
2 0.532395 0.553487 0.045101 0.049589 0.789485
2 0.082957 0.573074 0.059728 0.072621 0.739834
2 0.027911 0.576645 0.055743 0.139413 0.729442
2 0.644385 0.541289 0.058094 0.078517 0.641794
2 0.466282 0.547167 0.037758 0.058520 0.594982
2 0.567565 0.540483 0.027734 0.038724 0.567567
2 0.225696 0.568715 0.036955 0.055865 0.500900
2 0.329403 0.558741 0.019666 0.029776 0.415100
2 0.410015 0.545421 0.028480 0.041596 0.378160
2 0.603007 0.547894 0.023342 0.055741 0.357626
