2 0.418387 0.503747 0.289506 0.460896 0.935260
2 0.656053 0.434741 0.189093 0.125317 0.892056
2 0.901515 0.537259 0.196970 0.297397 0.891786
2 0.228899 0.417201 0.118693 0.103679 0.875010
0 0.791469 0.450031 0.031503 0.159761 0.798415
2 0.786938 0.429266 0.145845 0.096883 0.784532
9 0.206248 0.053953 0.021920 0.089057 0.768732
0 0.107416 0.434712 0.025979 0.152310 0.757662
0 0.134751 0.433940 0.030151 0.142637 0.757244
9 0.813234 0.122357 0.016697 0.055244 0.730998
9 0.677420 0.154022 0.015483 0.055584 0.721957
0 0.814705 0.442537 0.021324 0.109862 0.648111
9 0.545970 0.206560 0.012469 0.053565 0.590245
2 0.161546 0.418666 0.033237 0.075121 0.571075
9 0.097056 0.285450 0.011513 0.046339 0.412332
9 0.655787 0.315332 0.010465 0.046120 0.356429
2 0.551697 0.421430 0.031963 0.077123 0.317352
2 0.987789 0.580225 0.023631 0.136140 0.311366
2 0.498058 0.871852 0.992035 0.214867 0.298461
2 0.988293 0.627184 0.022771 0.235487 0.276642
0 0.012373 0.401421 0.012991 0.061652 0.265951
9 0.766282 0.233741 0.013481 0.040888 0.250650
