2 0.257298 0.720334 0.097341 0.147798 0.695290
2 0.821292 0.712635 0.236073 0.311869 0.679285
2 0.659884 0.645520 0.126944 0.222090 0.670433
2 0.390431 0.648086 0.044563 0.073649 0.588180
2 0.687099 0.674891 0.094917 0.218637 0.581022
2 0.121446 0.780151 0.240952 0.255803 0.363411
2 0.309699 0.695457 0.064668 0.119360 0.328335
2 0.251431 0.737136 0.089169 0.117606 0.324815
2 0.321344 0.694249 0.039496 0.110736 0.316145
2 0.611375 0.615417 0.080112 0.159910 0.285577
2 0.941500 0.787532 0.116090 0.394817 0.270387
2 0.074319 0.821162 0.143076 0.177699 0.267691
2 0.295795 0.709481 0.056860 0.124262 0.251907
