2 0.254736 0.302804 0.090256 0.093065 0.841952
2 0.850418 0.329275 0.282439 0.336453 0.806293
2 0.613653 0.270626 0.048776 0.083376 0.798975
2 0.698630 0.317805 0.073690 0.185129 0.719181
2 0.656787 0.296170 0.076917 0.138603 0.686698
2 0.571785 0.262881 0.029763 0.036850 0.512487
2 0.424566 0.270634 0.039894 0.056540 0.470724
2 0.359360 0.275562 0.033811 0.048115 0.445843
2 0.325684 0.280051 0.036461 0.052537 0.430624
2 0.366023 0.273938 0.038889 0.046514 0.389509
2 0.378295 0.271733 0.023529 0.040043 0.370654
0 0.192971 0.297771 0.015580 0.063600 0.336202
2 0.517187 0.257329 0.025277 0.026405 0.269049
