2 0.749704 0.466792 0.261965 0.248186 0.939849
2 0.387406 0.451857 0.108110 0.155894 0.917184
2 0.501933 0.382314 0.048309 0.072616 0.817013
2 0.322291 0.398387 0.026097 0.034242 0.786487
2 0.126068 0.443454 0.087998 0.054366 0.665038
9 0.444518 0.282555 0.006457 0.024696 0.661619
2 0.471349 0.371294 0.022521 0.035381 0.656218
2 0.498864 0.880792 0.994084 0.214187 0.502361
9 0.342473 0.305392 0.008646 0.028797 0.436598
2 0.456180 0.372801 0.014710 0.030561 0.373592
9 0.383244 0.293535 0.005688 0.021247 0.318662
9 0.398154 0.290509 0.010905 0.028448 0.305578
7 0.408269 0.363287 0.085762 0.098511 0.298010
2 0.468125 0.369127 0.023617 0.035365 0.250750
