2 0.039373 0.492551 0.078746 0.059978 0.808442
5 0.222626 0.462955 0.087690 0.077848 0.789060
2 0.464088 0.487007 0.027424 0.038309 0.759756
2 0.660184 0.491121 0.038064 0.029809 0.723704
2 0.164242 0.498137 0.028419 0.021453 0.478060
2 0.716473 0.488027 0.026557 0.026544 0.452996
7 0.222631 0.461479 0.088171 0.076296 0.438130
2 0.713541 0.491516 0.031965 0.033098 0.332183
7 0.934911 0.500441 0.129042 0.087148 0.268522
2 0.843434 0.484960 0.135668 0.087419 0.265797
5 0.843233 0.483823 0.134037 0.087325 0.258090
