0 0.779897 0.470914 0.043865 0.206899 0.787045
11 0.688217 0.300242 0.039745 0.075365 0.783955
0 0.713251 0.476625 0.048251 0.194582 0.765370
2 0.492667 0.505828 0.126679 0.180348 0.714213
2 0.135145 0.466647 0.104372 0.101255 0.671307
2 0.669412 0.869988 0.654974 0.243456 0.651923
2 0.274481 0.460710 0.053057 0.056447 0.521347
2 0.408769 0.456084 0.033548 0.044634 0.401792
0 0.632959 0.451309 0.019105 0.082142 0.396774
0 0.641357 0.452084 0.016964 0.077071 0.370002
2 0.199425 0.464362 0.035441 0.059631 0.355374
2 0.327360 0.462633 0.056549 0.050259 0.350715
2 0.216153 0.455056 0.040108 0.062532 0.340274
2 0.319590 0.463002 0.041331 0.046855 0.319005
2 0.434261 0.453278 0.027724 0.038326 0.318112
2 0.367771 0.466060 0.026635 0.036718 0.306660
0 0.662668 0.455142 0.018513 0.067335 0.303917
2 0.263589 0.456906 0.058908 0.057059 0.283582
0 0.655398 0.453634 0.014183 0.066448 0.273272
2 0.049363 0.458071 0.059818 0.064926 0.271047
2 0.210414 0.458555 0.046597 0.062780 0.264162
0 0.659286 0.453887 0.014931 0.066733 0.258868
