2 0.569611 0.352864 0.058795 0.078908 0.790450
2 0.089168 0.379525 0.078854 0.075930 0.787419
0 0.943234 0.369049 0.082364 0.391396 0.785353
0 0.760806 0.349865 0.024010 0.114742 0.765493
0 0.784601 0.346129 0.024677 0.114584 0.749766
2 0.694439 0.340567 0.067941 0.082886 0.645955
2 0.152768 0.373845 0.072045 0.070598 0.629566
9 0.648497 0.190470 0.018350 0.068178 0.561161
2 0.014991 0.668793 0.029619 0.220541 0.410898
9 0.190214 0.213908 0.019967 0.065590 0.370776
1 0.951974 0.514644 0.071436 0.207144 0.306768
1 0.945761 0.483921 0.094691 0.270159 0.302667
0 0.660261 0.347317 0.018168 0.090593 0.269523
2 0.201435 0.361967 0.084111 0.071955 0.253213
