2 0.698963 0.465071 0.109241 0.141928 0.821311
2 0.845152 0.477865 0.210045 0.231882 0.814632
2 0.327661 0.491473 0.061569 0.089718 0.811368
2 0.430071 0.494869 0.126590 0.207318 0.808302
2 0.631964 0.469979 0.046314 0.086921 0.802275
0 0.964356 0.505907 0.070279 0.332614 0.795542
2 0.564599 0.453039 0.036637 0.060721 0.734406
2 0.605060 0.457937 0.057531 0.080389 0.701538
2 0.266865 0.489133 0.040515 0.054970 0.674672
2 0.295642 0.475758 0.027794 0.051512 0.617845
2 0.225363 0.501520 0.051786 0.063965 0.585397
0 0.755899 0.409671 0.018766 0.045980 0.512836
28 0.940039 0.631039 0.037070 0.097223 0.319269
9 0.239691 0.305365 0.028294 0.051295 0.298644
26 0.973537 0.628309 0.052002 0.126283 0.285677
