2 0.780289 0.428065 0.159155 0.138051 0.914280
2 0.556008 0.414623 0.091981 0.095660 0.889071
2 0.431966 0.401289 0.049021 0.070701 0.858705
2 0.341872 0.404656 0.057587 0.083687 0.839002
2 0.646719 0.415821 0.085277 0.089109 0.834659
2 0.108984 0.418130 0.137260 0.099754 0.797406
2 0.057029 0.407436 0.050255 0.060235 0.757664
2 0.006155 0.432897 0.012234 0.062875 0.712388
2 0.387915 0.384867 0.025363 0.038257 0.696810
2 0.177150 0.395130 0.034953 0.040720 0.634607
2 0.492000 0.389412 0.036366 0.045144 0.623595
2 0.272089 0.377333 0.025379 0.020921 0.493971
2 0.247052 0.377054 0.030600 0.029793 0.410184
2 0.594869 0.396291 0.042406 0.076621 0.402073
2 0.222648 0.386055 0.037607 0.027272 0.302297
2 0.295630 0.379319 0.019011 0.020298 0.256907
