2 0.445072 0.455822 0.154181 0.216090 0.914742
0 0.025142 0.462901 0.050152 0.271495 0.896505
0 0.064553 0.423160 0.036719 0.163708 0.820382
2 0.558662 0.435410 0.067117 0.102546 0.814651
0 0.192491 0.405268 0.018913 0.095216 0.808045
0 0.698085 0.433209 0.021243 0.101868 0.800674
0 0.667968 0.433465 0.018023 0.093635 0.769323
0 0.302092 0.431716 0.024521 0.105691 0.755729
7 0.351928 0.369022 0.059681 0.086980 0.696759
9 0.630362 0.033404 0.022276 0.066571 0.675792
2 0.331657 0.416300 0.077355 0.110942 0.641343
0 0.630071 0.449120 0.021005 0.105770 0.573210
9 0.657314 0.035168 0.022816 0.070209 0.516030
0 0.642418 0.450857 0.017212 0.096149 0.477080
58 0.251698 0.436812 0.034800 0.059485 0.327340
2 0.499322 0.902798 0.991322 0.153773 0.325613
1 0.279343 0.430622 0.029880 0.062283 0.312461
58 0.151261 0.429296 0.040643 0.047966 0.298272
2 0.514424 0.398429 0.024994 0.035002 0.285157
