2 0.231753 0.469733 0.071205 0.050024 0.865660
2 0.172282 0.472401 0.062936 0.051007 0.786818
2 0.510607 0.466198 0.052259 0.068120 0.735762
0 0.034441 0.534569 0.041179 0.181923 0.708321
2 0.330712 0.459936 0.069007 0.080545 0.652869
2 0.073943 0.532142 0.141795 0.135248 0.633485
2 0.436994 0.450941 0.018383 0.021624 0.547746
2 0.094462 0.530103 0.100593 0.128063 0.479937
2 0.378970 0.458199 0.022149 0.029048 0.465705
2 0.484423 0.460404 0.022283 0.037193 0.436824
9 0.567784 0.386524 0.009740 0.035131 0.327596
2 0.408771 0.449857 0.014587 0.018407 0.310347
2 0.470808 0.453774 0.012492 0.023717 0.284569
2 0.378407 0.451493 0.025788 0.041751 0.255327
2 0.487714 0.456446 0.019682 0.046450 0.253828
