2 0.505330 0.681290 0.058782 0.071678 0.841193
2 0.451742 0.660271 0.022681 0.036647 0.758774
2 0.840146 0.693726 0.128738 0.065369 0.715641
9 0.491477 0.468469 0.011683 0.044964 0.656883
2 0.327544 0.671608 0.048242 0.068968 0.618072
7 0.075996 0.694836 0.107464 0.124363 0.509860
2 0.152995 0.695710 0.054492 0.062157 0.503106
2 0.201836 0.674806 0.052866 0.046216 0.482541
9 0.268033 0.468537 0.021730 0.102527 0.457988
2 0.277450 0.663499 0.032978 0.048890 0.388396
9 0.836729 0.490158 0.022699 0.084823 0.368296
2 0.075677 0.693548 0.109453 0.123349 0.333277
2 0.153893 0.716959 0.055984 0.106651 0.258810
