2 0.659093 0.560995 0.187449 0.243718 0.877275
2 0.227463 0.523621 0.057918 0.120956 0.846123
2 0.565541 0.518080 0.093920 0.131359 0.804551
2 0.317349 0.485316 0.047975 0.054038 0.779143
2 0.494163 0.468469 0.047384 0.089306 0.709192
2 0.344181 0.473599 0.034369 0.050844 0.672238
2 0.138606 0.541750 0.147238 0.185914 0.659753
2 0.833037 0.676656 0.332503 0.479433 0.607845
7 0.036413 0.584049 0.072354 0.335685 0.498874
2 0.529916 0.485095 0.033112 0.070857 0.390296
2 0.377483 0.462512 0.018309 0.023299 0.373386
2 0.372093 0.462821 0.021157 0.023328 0.369127
7 0.494186 0.468302 0.047532 0.087962 0.350218
2 0.464482 0.475080 0.023371 0.054103 0.298786
2 0.417036 0.913574 0.826937 0.154748 0.273341
2 0.267429 0.485021 0.036864 0.044107 0.261949
