2 0.354188 0.749768 0.200299 0.277941 0.906650
9 0.167870 0.292639 0.023567 0.107405 0.691651
9 0.535731 0.468434 0.009514 0.048972 0.678522
2 0.472830 0.665805 0.042525 0.060193 0.678140
9 0.402425 0.461254 0.010491 0.061134 0.668963
2 0.534155 0.669425 0.067402 0.086472 0.626765
9 0.381872 0.380952 0.029858 0.134541 0.466114
9 0.308115 0.518303 0.008173 0.023025 0.360786
2 0.427572 0.651516 0.020517 0.034335 0.353566
9 0.307955 0.527833 0.010325 0.044317 0.338783
2 0.341125 0.956532 0.219708 0.080360 0.269022
