2 0.565945 0.312031 0.017688 0.032104 0.568491
2 0.499669 0.836036 0.995310 0.300954 0.552964
2 0.166695 0.361981 0.085157 0.045498 0.538252
2 0.035678 0.370370 0.071356 0.050570 0.525151
0 0.527006 0.327058 0.012253 0.044491 0.519412
2 0.181328 0.361514 0.054078 0.043013 0.490481
2 0.015829 0.370981 0.031525 0.047806 0.351940
2 0.222983 0.357600 0.032973 0.039759 0.322104
2 0.085251 0.351757 0.051463 0.037234 0.320197
2 0.273875 0.354962 0.018347 0.035862 0.286354
2 0.437033 0.330980 0.025638 0.037421 0.284493
