2 0.896446 0.914279 0.205543 0.162592 0.833888
2 0.258229 0.781318 0.088043 0.113404 0.829260
2 0.355029 0.726598 0.044308 0.050384 0.758467
2 0.673608 0.760378 0.157196 0.126541 0.745202
2 0.316044 0.760570 0.043423 0.073841 0.727766
2 0.752203 0.857446 0.137901 0.116379 0.671394
2 0.606065 0.748738 0.045001 0.079806 0.645651
2 0.481240 0.712209 0.030032 0.060767 0.621876
2 0.797135 0.886448 0.175943 0.149560 0.607038
2 0.379687 0.711314 0.025267 0.046753 0.578536
2 0.735182 0.820653 0.135533 0.128570 0.551198
2 0.408653 0.693975 0.020599 0.031626 0.425815
2 0.685636 0.801655 0.120978 0.102952 0.418945
2 0.585436 0.735770 0.049631 0.062344 0.410122
2 0.959796 0.940960 0.079566 0.112372 0.355936
2 0.740400 0.798022 0.130939 0.076021 0.351851
2 0.542722 0.711797 0.030920 0.040366 0.349060
2 0.429690 0.683925 0.021958 0.027048 0.342062
2 0.569135 0.723395 0.038119 0.057712 0.307891
2 0.539318 0.709369 0.024731 0.037520 0.292296
2 0.391901 0.703138 0.029136 0.038724 0.287374
2 0.666726 0.795729 0.086639 0.091409 0.283151
2 0.420182 0.686565 0.012354 0.027203 0.265612
