2 0.438946 0.443114 0.079223 0.124291 0.832080
0 0.659448 0.447024 0.021749 0.115892 0.597351
2 0.385348 0.428026 0.029247 0.041209 0.558073
7 0.304453 0.433419 0.089901 0.122355 0.551328
2 0.356103 0.424804 0.018703 0.042118 0.483164
2 0.304495 0.432993 0.090439 0.124170 0.454661
9 0.532508 0.282031 0.017983 0.084039 0.426966
0 0.129101 0.437664 0.017491 0.069574 0.325013
0 0.642718 0.434174 0.017843 0.117632 0.294338
2 0.501035 0.861571 0.994085 0.245806 0.291011
0 0.602832 0.433418 0.012118 0.066070 0.280028
2 0.501564 0.802906 0.992371 0.360042 0.265764
