7 0.306443 0.493837 0.314551 0.522886 0.721090
0 0.117535 0.458423 0.027957 0.133998 0.713588
2 0.848957 0.410983 0.195327 0.116950 0.691445
9 0.499671 0.095568 0.023496 0.071262 0.649255
9 0.522118 0.093916 0.020783 0.066544 0.600728
0 0.142691 0.453767 0.019580 0.101967 0.581835
9 0.267832 0.156077 0.015170 0.056875 0.547942
0 0.096628 0.453905 0.019609 0.106797 0.527303
2 0.474710 0.415007 0.040331 0.091729 0.443686
9 0.245509 0.155643 0.016531 0.058081 0.413930
9 0.830865 0.236906 0.023382 0.048400 0.382153
2 0.911681 0.359108 0.080139 0.052107 0.352361
2 0.917496 0.366147 0.067238 0.060130 0.302689
9 0.826322 0.236935 0.033651 0.048932 0.298999
0 0.057283 0.447129 0.023695 0.099252 0.296902
9 0.507487 0.094401 0.029993 0.068737 0.292969
9 0.805892 0.350582 0.033901 0.088684 0.258336
