2 0.664643 0.460113 0.079829 0.113570 0.887582
2 0.222992 0.459523 0.172145 0.189711 0.821322
2 0.596898 0.434448 0.056087 0.067899 0.802857
2 0.845705 0.473082 0.261193 0.280494 0.741248
0 0.092315 0.432239 0.031252 0.154783 0.722222
2 0.524409 0.431281 0.034971 0.051943 0.669207
0 0.967182 0.529248 0.064578 0.452749 0.609946
1 0.906718 0.687666 0.183859 0.319852 0.448491
7 0.320621 0.410770 0.126387 0.208143 0.410430
2 0.552618 0.434679 0.025535 0.037542 0.346800
2 0.465920 0.432205 0.018434 0.030232 0.304911
5 0.699234 0.412811 0.101719 0.087264 0.301666
0 0.167893 0.392509 0.021981 0.059723 0.294603
2 0.494759 0.433806 0.023540 0.024600 0.282318
