2 0.452137 0.594159 0.207819 0.333298 0.935785
5 0.545844 0.438565 0.102746 0.168153 0.893129
2 0.332845 0.514386 0.098095 0.167658 0.867184
0 0.951190 0.513581 0.035233 0.176977 0.857920
2 0.239490 0.488351 0.073787 0.078998 0.840436
0 0.728477 0.476003 0.019008 0.092228 0.744630
2 0.276325 0.460128 0.060385 0.088803 0.739286
2 0.120252 0.597713 0.238827 0.553670 0.725631
5 0.357245 0.399312 0.079539 0.089404 0.428229
0 0.307186 0.413861 0.015205 0.056132 0.422448
0 0.809001 0.486450 0.032942 0.062161 0.410238
