9 0.238604 0.058766 0.060372 0.052538 0.787083
7 0.771749 0.614008 0.332514 0.486230 0.783608
2 0.452061 0.613692 0.033743 0.051724 0.771893
7 0.522599 0.589706 0.058016 0.110130 0.760192
2 0.129753 0.909785 0.258457 0.163815 0.540028
2 0.337610 0.618060 0.025534 0.035013 0.498770
11 0.183579 0.610755 0.029658 0.046958 0.496958
2 0.258886 0.623043 0.035113 0.047148 0.451886
2 0.226020 0.623276 0.034494 0.052938 0.333120
2 0.358438 0.619888 0.023197 0.026882 0.332688
7 0.963654 0.590764 0.071803 0.751003 0.288374
