2 0.505105 0.511533 0.182735 0.276383 0.874591
9 0.405064 0.354595 0.007664 0.027938 0.810244
9 0.303905 0.241258 0.014684 0.051043 0.803415
0 0.872407 0.433729 0.070048 0.463483 0.781029
0 0.784700 0.475289 0.082644 0.341274 0.780021
0 0.733992 0.463965 0.058523 0.283650 0.717975
5 0.072605 0.445409 0.143721 0.449476 0.675803
9 0.584897 0.341861 0.010036 0.040485 0.620305
2 0.290637 0.489232 0.030519 0.040983 0.515453
2 0.415157 0.460274 0.024889 0.056112 0.497526
9 0.355896 0.350173 0.007732 0.029022 0.426830
2 0.500873 0.890175 0.992938 0.178224 0.420547
24 0.827963 0.413584 0.041876 0.116370 0.415323
2 0.336692 0.474177 0.026669 0.030849 0.353254
2 0.368078 0.470750 0.028315 0.036716 0.312783
