2 0.831928 0.562381 0.334605 0.330213 0.912459
2 0.280594 0.454660 0.147284 0.190014 0.895587
2 0.644093 0.477835 0.120199 0.167955 0.893864
2 0.371904 0.435525 0.057022 0.084426 0.806406
2 0.550154 0.428970 0.067298 0.089016 0.769914
2 0.400288 0.422351 0.033529 0.066383 0.655536
2 0.512829 0.424581 0.022070 0.046741 0.610148
2 0.943110 0.442601 0.112798 0.150843 0.589533
2 0.433462 0.417928 0.016439 0.028762 0.404808
2 0.496967 0.418593 0.015592 0.035027 0.355340
2 0.483373 0.419780 0.014420 0.025096 0.349137
2 0.419910 0.418639 0.018303 0.038193 0.316582
