2 0.413377 0.584819 0.125595 0.168749 0.905842
2 0.849783 0.600618 0.117839 0.122524 0.899116
2 0.960758 0.648661 0.077579 0.138597 0.887784
2 0.501743 0.559016 0.040004 0.060184 0.803869
7 0.733542 0.601324 0.128353 0.163562 0.798674
2 0.572286 0.564297 0.026416 0.036527 0.766857
2 0.657330 0.573280 0.048322 0.081301 0.735097
2 0.614465 0.562609 0.022685 0.031472 0.545685
2 0.627469 0.568416 0.019230 0.048595 0.500656
2 0.594704 0.559547 0.015994 0.023929 0.276216
2 0.554454 0.549472 0.014946 0.023808 0.257465
