2 0.124049 0.598265 0.246604 0.455670 0.939923
2 0.713548 0.542190 0.226567 0.208813 0.918200
2 0.422197 0.471001 0.068632 0.097126 0.838792
2 0.570918 0.469865 0.098532 0.121194 0.837499
2 0.498160 0.456849 0.052667 0.062930 0.822553
7 0.329648 0.452114 0.084769 0.131569 0.508052
2 0.260472 0.439194 0.032081 0.034983 0.475434
2 0.329866 0.451915 0.085341 0.132038 0.400586
2 0.208695 0.460762 0.043776 0.067055 0.387727
7 0.449946 0.413916 0.038085 0.073645 0.340893
2 0.383364 0.424521 0.021761 0.034420 0.330824
2 0.754200 0.438018 0.067268 0.069510 0.278356
2 0.988390 0.598302 0.022546 0.136545 0.270401
