0 0.194647 0.463037 0.167113 0.527710 0.909305
2 0.753062 0.528200 0.224191 0.320095 0.874752
2 0.641727 0.502311 0.085094 0.192411 0.835315
2 0.349188 0.503715 0.093771 0.157312 0.823143
0 0.404746 0.466970 0.037587 0.185798 0.807573
2 0.872314 0.536989 0.253563 0.400240 0.686090
2 0.572091 0.478243 0.029680 0.074925 0.599681
2 0.283565 0.524034 0.155016 0.203673 0.575708
2 0.438327 0.487169 0.033588 0.077979 0.560786
2 0.463002 0.471651 0.035012 0.052062 0.541747
2 0.542882 0.460485 0.025770 0.025030 0.443277
3 0.180799 0.565960 0.197132 0.321282 0.433013
2 0.602828 0.478623 0.037842 0.101029 0.425075
2 0.493120 0.460515 0.017096 0.021696 0.381909
2 0.306511 0.527487 0.108653 0.206212 0.318629
