2 0.828909 0.685981 0.218168 0.228413 0.914548
2 0.714933 0.648930 0.086812 0.128694 0.829807
2 0.068388 0.687990 0.136042 0.249426 0.816925
2 0.311723 0.616001 0.108978 0.090443 0.802774
2 0.501516 0.607059 0.052215 0.079686 0.782525
0 0.646748 0.648040 0.059079 0.216598 0.737947
2 0.160185 0.668409 0.075557 0.133214 0.682616
1 0.652811 0.721422 0.040802 0.161901 0.661943
2 0.136397 0.636879 0.122569 0.186488 0.569203
2 0.563947 0.597246 0.027558 0.046246 0.503808
2 0.377538 0.603268 0.034537 0.053537 0.483417
2 0.404765 0.600444 0.041537 0.044393 0.468608
0 0.588997 0.609709 0.026691 0.113377 0.451458
1 0.588947 0.655974 0.020365 0.088058 0.410598
2 0.209912 0.616124 0.115342 0.142091 0.396645
2 0.433501 0.591769 0.030036 0.029702 0.356723
2 0.437860 0.589660 0.028531 0.028294 0.332066
2 0.417871 0.597467 0.025777 0.034550 0.297245
