2 0.770003 0.629441 0.458960 0.562608 0.888124
2 0.129637 0.673192 0.104395 0.110614 0.874202
2 0.056494 0.657542 0.091885 0.068581 0.770750
2 0.280181 0.653450 0.044923 0.054850 0.748953
2 0.323684 0.644180 0.026768 0.038065 0.657627
2 0.233410 0.648452 0.028444 0.032974 0.625386
9 0.377741 0.151008 0.028667 0.131450 0.619210
9 0.344975 0.149188 0.030938 0.144531 0.612238
9 0.268470 0.490680 0.012307 0.043529 0.520764
2 0.075806 0.658075 0.051461 0.064530 0.342819
2 0.214557 0.648577 0.014991 0.031748 0.317715
2 0.252402 0.643943 0.022264 0.032046 0.306091
2 0.457502 0.645946 0.038321 0.040367 0.272882
