2 0.280604 0.612397 0.110784 0.170834 0.911361
2 0.707043 0.649177 0.135359 0.173745 0.889372
2 0.120214 0.644815 0.240427 0.348394 0.881236
2 0.867883 0.698861 0.263180 0.475653 0.816121
2 0.342631 0.596477 0.059507 0.123633 0.763807
2 0.416519 0.571888 0.034324 0.076194 0.670426
2 0.637131 0.622509 0.077112 0.115616 0.635993
2 0.596094 0.599347 0.055076 0.070569 0.629418
2 0.387054 0.577368 0.051294 0.086985 0.611738
2 0.519011 0.584756 0.032185 0.030018 0.441384
2 0.558264 0.590155 0.034467 0.049791 0.419209
2 0.560348 0.588822 0.047415 0.058187 0.270581
2 0.550298 0.585748 0.030450 0.043788 0.266493
