2 0.177195 0.725981 0.274849 0.416726 0.927336
2 0.779215 0.763068 0.439695 0.458898 0.923462
2 0.348423 0.563156 0.050400 0.071094 0.724995
2 0.534501 0.589489 0.118790 0.178839 0.626363
2 0.017889 0.654913 0.035674 0.144451 0.579018
2 0.648559 0.588405 0.124856 0.119993 0.568657
7 0.422226 0.541402 0.069651 0.179525 0.524224
2 0.988405 0.527287 0.022367 0.047034 0.450818
0 0.728966 0.716585 0.041423 0.079398 0.441874
7 0.534704 0.588401 0.118688 0.179547 0.432327
2 0.907878 0.522293 0.144820 0.072689 0.394930
7 0.444304 0.508536 0.115675 0.245414 0.378553
2 0.035870 0.626975 0.055863 0.098101 0.332369
2 0.036214 0.611145 0.054497 0.067459 0.296658
2 0.302019 0.550376 0.050285 0.048551 0.252936
2 0.123195 0.524611 0.050268 0.044170 0.250866
