2 0.252993 0.461393 0.099429 0.117826 0.921559
2 0.344036 0.492090 0.129798 0.158316 0.897340
2 0.119938 0.477726 0.126814 0.102823 0.897045
2 0.616041 0.437914 0.054312 0.081338 0.866974
2 0.463811 0.432753 0.039911 0.059381 0.765946
2 0.514841 0.449013 0.073529 0.122354 0.704786
2 0.752978 0.408002 0.040415 0.038007 0.579768
0 0.837407 0.428127 0.017995 0.078751 0.441373
2 0.569233 0.408530 0.025088 0.031065 0.414720
2 0.050947 0.442786 0.029157 0.033853 0.374575
9 0.480825 0.334797 0.009320 0.033409 0.373155
2 0.547122 0.424421 0.022095 0.058006 0.352803
2 0.088582 0.433054 0.053842 0.050543 0.285856
2 0.787247 0.404307 0.022803 0.034413 0.274680
