2 0.811254 0.619565 0.179930 0.115562 0.764871
7 0.554613 0.558129 0.137663 0.242520 0.723660
2 0.655287 0.591634 0.078091 0.112128 0.552368
2 0.146865 0.587137 0.036965 0.025926 0.551753
2 0.482673 0.599473 0.018021 0.049596 0.536265
7 0.238311 0.597306 0.065204 0.089346 0.526839
7 0.655118 0.592624 0.077414 0.114680 0.467520
2 0.238459 0.598452 0.065267 0.089556 0.459408
5 0.942592 0.660881 0.114169 0.653531 0.403004
7 0.942461 0.662747 0.114548 0.658028 0.376798
2 0.115563 0.581761 0.029912 0.034281 0.339936
2 0.010322 0.578096 0.020575 0.048465 0.309883
9 0.921576 0.418984 0.053286 0.153630 0.303689
2 0.192554 0.580875 0.038769 0.034815 0.273076
2 0.100090 0.582913 0.058842 0.038006 0.268372
