2 0.932664 0.552487 0.133939 0.257172 0.702441
2 0.737933 0.505997 0.075190 0.106205 0.664355
2 0.834231 0.518463 0.143297 0.172105 0.618208
2 0.285134 0.487251 0.155358 0.150861 0.606124
2 0.690141 0.506278 0.040551 0.060617 0.484008
2 0.658938 0.499139 0.027931 0.052383 0.435720
9 0.095273 0.374250 0.026842 0.065344 0.373781
2 0.983835 0.607482 0.031650 0.157221 0.343407
2 0.347622 0.445740 0.098220 0.163558 0.327160
7 0.347944 0.443110 0.097661 0.168674 0.292196
2 0.625944 0.488594 0.037576 0.050726 0.254910
