2 0.379415 0.403100 0.085787 0.099993 0.748535
2 0.235836 0.392084 0.056643 0.058632 0.557050
2 0.282181 0.386375 0.054284 0.050070 0.411446
2 0.292719 0.385650 0.041844 0.047185 0.401590
2 0.269767 0.388112 0.036760 0.051071 0.350953
2 0.444627 0.386534 0.037491 0.046873 0.347165
2 0.226745 0.395773 0.072259 0.059022 0.333814
2 0.430126 0.382684 0.028085 0.045731 0.324111
2 0.301637 0.382173 0.027286 0.037019 0.317019
2 0.143263 0.413055 0.059833 0.072078 0.277930
2 0.449659 0.386660 0.030136 0.043163 0.276744
2 0.212478 0.402842 0.045888 0.046921 0.274410
2 0.498133 0.754536 0.995170 0.452985 0.271582
