2 0.153018 0.606957 0.107468 0.156744 0.841679
7 0.300897 0.565766 0.204037 0.292310 0.790254
2 0.070726 0.668314 0.140637 0.387990 0.722980
2 0.640671 0.596449 0.060631 0.077019 0.704964
2 0.415978 0.588756 0.050903 0.120809 0.625822
2 0.527293 0.583900 0.041165 0.053873 0.550776
0 0.795635 0.598760 0.017882 0.074044 0.533757
0 0.779965 0.607384 0.015018 0.054387 0.466458
7 0.051568 0.511326 0.103117 0.146900 0.377578
2 0.578158 0.584042 0.038927 0.051913 0.376164
0 0.806544 0.600389 0.014496 0.073749 0.350615
2 0.452989 0.584392 0.023899 0.044568 0.283189
