2 0.503687 0.536490 0.221848 0.138390 0.908608
2 0.221306 0.535314 0.198388 0.124370 0.886292
2 0.059268 0.509646 0.087100 0.076660 0.852856
2 0.306257 0.508596 0.054641 0.085620 0.790087
2 0.132115 0.508971 0.067388 0.078922 0.687416
2 0.493680 0.876637 0.977262 0.228655 0.639609
7 0.742421 0.458647 0.277995 0.494821 0.543608
0 0.844946 0.610780 0.028761 0.164468 0.366713
2 0.361106 0.870454 0.719754 0.227649 0.331934
2 0.005998 0.509030 0.011883 0.072755 0.296854
7 0.901487 0.356089 0.195038 0.638175 0.265767
