7 0.792990 0.529069 0.354908 0.359690 0.884083
2 0.200506 0.474715 0.216882 0.244819 0.871430
2 0.435140 0.467566 0.147509 0.256537 0.730682
2 0.347634 0.432167 0.050594 0.084548 0.727807
2 0.494150 0.846397 0.979997 0.286410 0.531367
0 0.934984 0.406309 0.026073 0.097361 0.482346
0 0.985596 0.422651 0.028304 0.165029 0.473226
0 0.899854 0.409950 0.024376 0.064104 0.425712
2 0.600570 0.417233 0.040023 0.052153 0.355317
0 0.949336 0.408710 0.025167 0.092142 0.310767
2 0.366233 0.372388 0.032982 0.034617 0.282312
6 0.060338 0.352276 0.120458 0.137449 0.273491
0 0.940925 0.405895 0.036077 0.094636 0.256419
0 0.965574 0.432764 0.018394 0.131744 0.254684
