2 0.923845 0.592932 0.151694 0.467520 0.888904
2 0.738804 0.514757 0.197498 0.210958 0.886216
2 0.128031 0.506653 0.182452 0.195596 0.885680
2 0.366501 0.500431 0.257759 0.212085 0.878915
2 0.066914 0.535090 0.133464 0.239612 0.858413
2 0.850256 0.541979 0.087406 0.223292 0.827842
2 0.241556 0.469526 0.136286 0.141411 0.774483
2 0.507487 0.496116 0.034200 0.056160 0.486522
2 0.591098 0.494756 0.105349 0.089644 0.450446
2 0.606490 0.496203 0.077390 0.086449 0.353102
2 0.528393 0.502615 0.035629 0.068253 0.301743
2 0.515400 0.497878 0.049501 0.060250 0.289652
