2 0.695876 0.793984 0.247553 0.300245 0.885002
2 0.563986 0.765195 0.095959 0.140302 0.797937
7 0.060036 0.709025 0.120071 0.229687 0.740119
2 0.258450 0.709026 0.051220 0.050538 0.708183
2 0.526749 0.733420 0.091860 0.130091 0.613058
2 0.146234 0.721445 0.074186 0.104590 0.545316
2 0.462052 0.719201 0.049539 0.081863 0.505984
2 0.414026 0.715387 0.019393 0.043325 0.390999
2 0.469125 0.721309 0.043173 0.077410 0.380594
2 0.180976 0.716502 0.043817 0.079878 0.374693
2 0.392956 0.707350 0.026531 0.040575 0.356962
2 0.453719 0.716598 0.041232 0.076653 0.331254
2 0.187289 0.717980 0.031858 0.070787 0.304339
2 0.430064 0.719088 0.027346 0.052622 0.290360
2 0.363540 0.710370 0.029676 0.032795 0.281900
