2 0.070494 0.512771 0.139287 0.107619 0.896590
2 0.496755 0.570648 0.081461 0.120097 0.881070
2 0.190063 0.519729 0.104796 0.084636 0.848399
0 0.860799 0.678848 0.046697 0.301634 0.816838
0 0.808493 0.667358 0.064705 0.258205 0.798061
2 0.587434 0.569499 0.039651 0.053316 0.727342
2 0.260767 0.525966 0.050826 0.062724 0.647365
2 0.327208 0.528333 0.043537 0.050010 0.571156
2 0.430632 0.537993 0.034976 0.030244 0.447754
2 0.359660 0.533549 0.026647 0.044162 0.447660
2 0.293766 0.525623 0.026879 0.050055 0.396549
2 0.314222 0.529872 0.043054 0.049851 0.390307
2 0.365839 0.534942 0.036821 0.042060 0.371928
2 0.397471 0.533705 0.022550 0.036649 0.328025
2 0.556698 0.560014 0.023952 0.035688 0.323282
2 0.297493 0.528045 0.026786 0.047786 0.279667
36 0.852118 0.822729 0.032209 0.023663 0.252994
