5 0.596279 0.258571 0.076987 0.146119 0.751555
2 0.289642 0.310911 0.061201 0.064987 0.617598
0 0.151525 0.324049 0.018240 0.083419 0.555077
0 0.736083 0.305593 0.023973 0.097162 0.397100
2 0.370031 0.292244 0.024382 0.034469 0.392131
0 0.136691 0.323431 0.014391 0.075883 0.368484
2 0.498884 0.267594 0.029833 0.027681 0.366664
2 0.325818 0.300278 0.035452 0.045846 0.349091
9 0.078234 0.040499 0.048793 0.069730 0.299646
2 0.532151 0.275047 0.020376 0.028953 0.293656
2 0.427591 0.285255 0.041688 0.036880 0.280033
0 0.143436 0.324461 0.017843 0.082301 0.250718
