7 0.426055 0.313111 0.170032 0.445248 0.860414
2 0.298567 0.423776 0.051331 0.057555 0.779337
2 0.204246 0.418778 0.042831 0.045058 0.753466
2 0.522650 0.436491 0.041962 0.063821 0.711350
2 0.112988 0.434688 0.070593 0.065387 0.627160
0 0.866412 0.476610 0.038927 0.122186 0.564137
2 0.131052 0.432805 0.049638 0.060688 0.552112
2 0.037490 0.415323 0.043430 0.051911 0.499693
0 0.653447 0.429237 0.018009 0.061664 0.422318
2 0.142562 0.435026 0.026954 0.057329 0.412534
2 0.330625 0.407913 0.024939 0.040022 0.363508
2 0.309585 0.901714 0.616129 0.176146 0.341559
2 0.010778 0.448818 0.021495 0.097040 0.327853
2 0.257933 0.392626 0.043206 0.042621 0.314232
2 0.514017 0.901012 0.955892 0.180782 0.270894
2 0.161934 0.413155 0.029565 0.031527 0.268419
2 0.043833 0.412740 0.052182 0.056427 0.261993
