2 0.430732 0.590446 0.074221 0.101807 0.776332
9 0.397065 0.407669 0.011566 0.040630 0.740753
9 0.049124 0.300477 0.017507 0.062445 0.690026
2 0.032730 0.584612 0.065461 0.060195 0.581110
2 0.117990 0.567370 0.076693 0.044588 0.495699
2 0.273600 0.584272 0.117120 0.161007 0.492704
2 0.136803 0.566661 0.037626 0.041427 0.307133
2 0.593227 0.568840 0.053931 0.068111 0.297689
7 0.400258 0.537474 0.048221 0.082983 0.288544
2 0.483908 0.557028 0.034406 0.042897 0.278203
2 0.040535 0.580465 0.056809 0.051045 0.252220
