2 0.882423 0.499056 0.233991 0.437151 0.940135
2 0.529574 0.463200 0.328098 0.412188 0.912206
2 0.102847 0.394726 0.147217 0.118367 0.862425
2 0.280904 0.369287 0.096660 0.102228 0.845452
2 0.718467 0.367523 0.081083 0.122080 0.798246
2 0.200795 0.369309 0.075000 0.098765 0.776297
2 0.383271 0.359871 0.060886 0.105991 0.700459
2 0.336066 0.358955 0.035695 0.077030 0.608873
2 0.014476 0.455939 0.028899 0.220088 0.582488
2 0.686126 0.340136 0.069432 0.098997 0.507452
2 0.696779 0.336238 0.046807 0.091817 0.361798
0 0.152720 0.335723 0.019359 0.045041 0.340756
2 0.665419 0.342357 0.026918 0.075023 0.281244
