2 0.447017 0.527290 0.045378 0.064815 0.831300
5 0.556167 0.478154 0.147589 0.270222 0.813949
2 0.381281 0.518433 0.060880 0.081522 0.692939
2 0.858087 0.614106 0.282472 0.369075 0.657712
0 0.720606 0.545226 0.015652 0.072020 0.655818
0 0.014462 0.496674 0.026220 0.127465 0.642523
0 0.080589 0.513251 0.024152 0.128216 0.638752
0 0.296762 0.527082 0.020395 0.097012 0.632744
0 0.681132 0.542925 0.012032 0.061323 0.578473
0 0.707004 0.544447 0.012899 0.057176 0.576795
0 0.048164 0.517377 0.024050 0.123200 0.562594
9 0.690908 0.238650 0.017340 0.064307 0.513884
0 0.189026 0.505655 0.021729 0.112027 0.504663
0 0.654307 0.533066 0.015041 0.047984 0.482565
0 0.123144 0.512359 0.027687 0.137726 0.469532
0 0.148728 0.530754 0.024896 0.116231 0.467486
0 0.228983 0.522882 0.020893 0.090440 0.372375
0 0.235590 0.516972 0.017698 0.102893 0.354291
2 0.475740 0.514555 0.019727 0.043377 0.342997
9 0.673154 0.239586 0.017062 0.059595 0.289288
0 0.275819 0.527804 0.021477 0.090248 0.281681
