2 0.261559 0.672078 0.134452 0.149794 0.889144
2 0.903518 0.761361 0.191927 0.411352 0.887001
2 0.747246 0.696568 0.215345 0.248602 0.869777
2 0.348073 0.627744 0.061798 0.063327 0.752414
5 0.036145 0.596730 0.071875 0.137745 0.697521
2 0.398345 0.622628 0.038192 0.054831 0.680624
2 0.532887 0.633343 0.161018 0.100681 0.675852
9 0.281787 0.528366 0.008402 0.035101 0.514979
2 0.429993 0.639574 0.058693 0.077798 0.321169
7 0.499796 0.562858 0.048652 0.046743 0.299393
0 0.188406 0.629110 0.014361 0.068963 0.272285
