2 0.078572 0.531994 0.156595 0.226482 0.905128
2 0.860430 0.579710 0.242248 0.251852 0.902573
2 0.733274 0.532991 0.112031 0.142954 0.870854
2 0.202688 0.523576 0.107665 0.109636 0.864000
2 0.619801 0.532888 0.060642 0.078471 0.836589
2 0.458550 0.534687 0.022490 0.032949 0.691965
2 0.311914 0.524155 0.078410 0.064598 0.685666
2 0.546603 0.526585 0.021006 0.029624 0.639898
2 0.434443 0.542007 0.023149 0.033341 0.638775
2 0.370810 0.533781 0.042897 0.049466 0.531410
2 0.498647 0.817357 0.992891 0.329349 0.476199
2 0.565204 0.549295 0.022418 0.032700 0.318415
2 0.480586 0.512469 0.015488 0.019620 0.306887
2 0.379595 0.534618 0.061869 0.050381 0.291413
