2 0.441895 0.681269 0.219382 0.318304 0.911532
2 0.033075 0.628362 0.065544 0.112998 0.864557
2 0.559842 0.575845 0.061223 0.074979 0.844081
2 0.252841 0.585504 0.055740 0.056034 0.808590
2 0.197774 0.592758 0.058428 0.093299 0.779643
2 0.113893 0.608080 0.120724 0.126886 0.734898
2 0.318235 0.570702 0.035328 0.045320 0.721455
2 0.344480 0.567223 0.031870 0.042588 0.629718
2 0.523369 0.560057 0.029858 0.051808 0.581234
2 0.289958 0.579989 0.031686 0.048745 0.557507
2 0.983747 0.619599 0.031763 0.128031 0.528520
2 0.283381 0.581001 0.030830 0.050269 0.403803
2 0.461632 0.526794 0.084550 0.027045 0.253717
9 0.393836 0.480033 0.007605 0.023966 0.250387
