2 0.454402 0.704296 0.311932 0.400864 0.942386
2 0.112092 0.707614 0.223396 0.406459 0.918789
2 0.155093 0.585240 0.129220 0.121208 0.856805
2 0.327143 0.591434 0.121391 0.181449 0.809882
2 0.618061 0.522676 0.025379 0.030191 0.648892
2 0.558922 0.556615 0.114453 0.128837 0.490242
9 0.211538 0.264482 0.016059 0.068526 0.486845
9 0.551984 0.368693 0.011682 0.058193 0.470341
2 0.578224 0.556018 0.078133 0.129341 0.400539
9 0.467523 0.379923 0.009092 0.038569 0.383912
9 0.741647 0.434406 0.015766 0.058661 0.374650
9 0.224497 0.459205 0.009699 0.035736 0.342001
2 0.432378 0.945860 0.842747 0.105676 0.300456
0 0.533868 0.570089 0.036873 0.046380 0.261097
9 0.697247 0.473634 0.013758 0.042709 0.253580
