2 0.543497 0.534836 0.121477 0.171455 0.911795
2 0.050905 0.600251 0.101166 0.141964 0.906120
2 0.160183 0.558066 0.122159 0.112402 0.869814
2 0.250797 0.524217 0.073442 0.088710 0.833577
2 0.744234 0.486180 0.088023 0.131565 0.830459
2 0.433708 0.479440 0.032618 0.042994 0.800026
2 0.302856 0.515303 0.046577 0.063434 0.795412
2 0.642591 0.462808 0.046277 0.065216 0.790178
2 0.600222 0.479732 0.055553 0.090544 0.773206
2 0.833568 0.507426 0.170405 0.174799 0.690446
2 0.380249 0.502792 0.068619 0.089154 0.636609
2 0.334329 0.501604 0.041664 0.060253 0.562246
7 0.833690 0.507567 0.169931 0.174498 0.468445
2 0.328312 0.503330 0.032077 0.057054 0.448916
2 0.346666 0.499733 0.017767 0.056691 0.341231
