2 0.923699 0.415210 0.152054 0.318778 0.910891
2 0.422821 0.354891 0.174154 0.254562 0.907354
2 0.652618 0.280849 0.095640 0.119660 0.878676
2 0.874425 0.335231 0.155054 0.172707 0.877119
2 0.319777 0.263749 0.078199 0.105821 0.855675
2 0.206109 0.286061 0.095172 0.160669 0.840364
2 0.500634 0.800271 0.993592 0.376123 0.825256
2 0.747049 0.301050 0.158946 0.157960 0.804923
2 0.595734 0.265715 0.067747 0.093140 0.785661
7 0.094434 0.392226 0.187676 0.477314 0.730638
2 0.249635 0.263894 0.036421 0.096795 0.593384
7 0.437072 0.206967 0.052287 0.056549 0.459911
9 0.280010 0.084050 0.010455 0.037188 0.359351
9 0.269988 0.084841 0.012111 0.040897 0.340774
9 0.274315 0.084129 0.017349 0.049000 0.333958
9 0.214562 0.126441 0.011929 0.027769 0.330481
9 0.494938 0.114344 0.015346 0.036405 0.284348
2 0.788405 0.250371 0.075515 0.066059 0.253813
