2 0.434642 0.600950 0.139653 0.220224 0.901605
2 0.794792 0.670308 0.293717 0.272134 0.899072
2 0.320658 0.512247 0.064459 0.092894 0.820508
0 0.980553 0.595861 0.038020 0.204338 0.815203
7 0.422018 0.471669 0.084389 0.141512 0.807164
0 0.113378 0.532762 0.031792 0.179096 0.790390
0 0.141073 0.524809 0.027606 0.167683 0.783870
58 0.072668 0.518267 0.059801 0.222701 0.714108
7 0.532011 0.497764 0.074198 0.156473 0.703152
0 0.644224 0.538210 0.021877 0.119248 0.691050
25 0.157081 0.437511 0.048883 0.034812 0.683794
0 0.817207 0.518882 0.022678 0.055923 0.638400
0 0.839236 0.522605 0.021700 0.064420 0.609374
0 0.669370 0.550986 0.032143 0.113661 0.589802
2 0.369491 0.491115 0.022393 0.032141 0.587074
0 0.730204 0.510065 0.017967 0.059153 0.584300
0 0.169637 0.503328 0.018320 0.106874 0.553597
58 0.188826 0.524376 0.038845 0.109360 0.461951
0 0.597397 0.514985 0.014081 0.066223 0.411941
0 0.285177 0.492851 0.011489 0.053795 0.385519
0 0.622990 0.522804 0.015596 0.072710 0.372759
0 0.609778 0.513516 0.015261 0.076209 0.363716
0 0.158843 0.503740 0.015026 0.104795 0.356626
0 0.166043 0.504526 0.016839 0.107338 0.327287
0 0.203508 0.483070 0.010794 0.060793 0.319583
0 0.573569 0.512466 0.015651 0.063049 0.252606
