0 0.280283 0.660634 0.115980 0.483578 0.917064
2 0.576603 0.566656 0.089598 0.110856 0.896158
2 0.430884 0.651525 0.232115 0.444709 0.884641
2 0.972851 0.674896 0.053621 0.115431 0.842781
2 0.760307 0.593932 0.079570 0.101951 0.805761
0 0.711027 0.572564 0.021125 0.100249 0.783287
0 0.229215 0.498463 0.024530 0.115133 0.709026
24 0.347473 0.590142 0.030791 0.163029 0.371305
2 0.525335 0.544620 0.021504 0.058645 0.337263
24 0.329174 0.580955 0.068112 0.180742 0.334496
7 0.622342 0.552872 0.053063 0.094659 0.320722
0 0.662633 0.560866 0.011207 0.052123 0.317917
13 0.099894 0.546339 0.090071 0.053452 0.308229
16 0.067308 0.819122 0.103444 0.220370 0.306142
2 0.816561 0.618843 0.020347 0.055493 0.251713
