2 0.903995 0.526770 0.191507 0.172993 0.924584
2 0.646103 0.467716 0.070718 0.074334 0.894032
2 0.956120 0.755010 0.086692 0.305623 0.892703
2 0.075100 0.457117 0.075580 0.060635 0.875097
2 0.484032 0.508447 0.123911 0.192864 0.862576
2 0.573888 0.452106 0.034698 0.049007 0.836815
2 0.300801 0.460769 0.061391 0.072113 0.804205
2 0.790359 0.465734 0.115393 0.089838 0.764325
2 0.172344 0.451933 0.033367 0.053939 0.757454
2 0.548008 0.466243 0.037001 0.073020 0.743250
2 0.375353 0.440068 0.026083 0.039764 0.741403
2 0.213046 0.452509 0.078998 0.084477 0.733619
2 0.669290 0.451666 0.047276 0.067545 0.679081
2 0.268870 0.439374 0.032684 0.048353 0.634860
7 0.320623 0.425811 0.034662 0.055438 0.525714
2 0.550528 0.930340 0.885867 0.121412 0.407235
9 0.986008 0.362912 0.025576 0.071499 0.358181
