2 0.600454 0.696127 0.573403 0.577588 0.916469
2 0.364240 0.470281 0.084476 0.140105 0.882050
0 0.966791 0.621714 0.065611 0.307046 0.875790
0 0.895271 0.559931 0.064292 0.273110 0.842448
7 0.544664 0.362439 0.174189 0.118000 0.815606
0 0.794214 0.488959 0.030262 0.115108 0.774265
2 0.338586 0.429980 0.060360 0.095594 0.740405
2 0.241538 0.365376 0.040264 0.061789 0.598671
2 0.361806 0.382307 0.037056 0.042630 0.594610
7 0.153742 0.526122 0.305599 0.450077 0.575050
2 0.312953 0.359980 0.021833 0.031005 0.554545
2 0.269152 0.371764 0.018935 0.036233 0.490309
7 0.241456 0.365336 0.039569 0.060365 0.430556
2 0.288833 0.500298 0.073511 0.142798 0.401966
5 0.417533 0.357261 0.031713 0.077840 0.392344
2 0.385724 0.385819 0.020030 0.040531 0.287770
2 0.688669 0.430662 0.107686 0.038471 0.279547
