2 0.844132 0.617767 0.275842 0.154133 0.921974
2 0.412690 0.566805 0.076808 0.104380 0.855745
7 0.063649 0.539787 0.127001 0.240975 0.818880
2 0.135080 0.546564 0.025877 0.100781 0.730207
2 0.346709 0.450106 0.030616 0.042812 0.665666
2 0.370748 0.521466 0.046412 0.074681 0.625933
0 0.165360 0.549767 0.029210 0.111175 0.613148
2 0.386407 0.550210 0.051702 0.093493 0.607059
2 0.213358 0.431734 0.028191 0.041664 0.594423
2 0.273549 0.427478 0.025622 0.038658 0.540195
2 0.355458 0.491752 0.036554 0.063774 0.540076
2 0.169867 0.495957 0.053722 0.061056 0.532970
2 0.204947 0.471620 0.033942 0.053108 0.528286
2 0.255089 0.424088 0.026866 0.036334 0.456743
2 0.377476 0.548069 0.033328 0.095909 0.403350
2 0.182754 0.427066 0.028268 0.033835 0.311765
2 0.169893 0.521795 0.052523 0.113578 0.265674
