2 0.443512 0.657870 0.165812 0.248035 0.916455
2 0.145486 0.624374 0.123938 0.122006 0.902199
9 0.666014 0.277242 0.046476 0.154107 0.870071
0 0.892675 0.606751 0.051812 0.241098 0.869836
2 0.778437 0.580921 0.134407 0.071345 0.845070
2 0.951212 0.571542 0.091904 0.080155 0.748905
2 0.343445 0.557668 0.033737 0.030605 0.713490
2 0.715158 0.575377 0.085913 0.071609 0.696783
2 0.205357 0.587642 0.033912 0.044089 0.637139
2 0.296257 0.561437 0.038318 0.029788 0.596659
2 0.822163 0.498813 0.036180 0.038888 0.574318
2 0.633149 0.526713 0.047236 0.031156 0.521857
2 0.786452 0.503143 0.033098 0.039048 0.508003
9 0.328542 0.402490 0.008791 0.040121 0.495692
2 0.038620 0.593466 0.039200 0.030192 0.485045
2 0.378480 0.550638 0.034167 0.037876 0.476756
2 0.949565 0.476253 0.036653 0.045595 0.461830
7 0.865363 0.485260 0.046219 0.060886 0.459007
9 0.343987 0.401876 0.008500 0.041046 0.421098
2 0.681525 0.510994 0.028776 0.030981 0.387967
2 0.577112 0.530147 0.032945 0.032549 0.363460
9 0.142075 0.423501 0.010081 0.043881 0.360235
2 0.534670 0.548844 0.055482 0.054404 0.313531
9 0.266834 0.407614 0.009198 0.040950 0.310211
2 0.602405 0.527519 0.025565 0.024222 0.298502
2 0.988786 0.474849 0.021792 0.047355 0.279398
