2 0.841238 0.554838 0.316112 0.609235 0.928177
2 0.319926 0.536792 0.143900 0.196854 0.900669
0 0.203170 0.557631 0.145928 0.458482 0.882648
2 0.480557 0.491035 0.019674 0.033644 0.696822
2 0.385411 0.519566 0.041185 0.092151 0.668603
2 0.501462 0.877098 0.993652 0.217335 0.609378
2 0.405937 0.507987 0.033495 0.070433 0.522697
2 0.427327 0.494799 0.036451 0.056601 0.520458
2 0.401002 0.513477 0.041178 0.080161 0.473873
2 0.453913 0.486395 0.019682 0.033293 0.381895
2 0.444973 0.493946 0.016446 0.048788 0.368260
2 0.442365 0.497936 0.019913 0.048302 0.360993
2 0.419529 0.501864 0.037038 0.068130 0.327749
