2 0.522614 0.553578 0.084205 0.105571 0.877942
2 0.581054 0.541136 0.051327 0.063163 0.819616
2 0.393388 0.513606 0.037236 0.057681 0.729508
2 0.282733 0.495335 0.021599 0.020051 0.601843
2 0.430763 0.507584 0.018766 0.028386 0.595146
2 0.453769 0.505602 0.016527 0.025526 0.561528
2 0.225881 0.500813 0.027102 0.028572 0.449858
2 0.355892 0.491061 0.018835 0.017526 0.369170
2 0.402188 0.940761 0.795981 0.101008 0.361119
2 0.485415 0.512479 0.020669 0.021186 0.342911
2 0.310583 0.496407 0.018241 0.023202 0.332642
