7 0.763124 0.504917 0.208691 0.131404 0.869975
2 0.128288 0.446797 0.094026 0.105201 0.849453
9 0.302596 0.151266 0.019316 0.072297 0.801036
9 0.469158 0.317828 0.016434 0.067433 0.797163
2 0.186707 0.446868 0.045652 0.052424 0.759280
9 0.162281 0.120510 0.020307 0.071686 0.744022
9 0.694655 0.030084 0.022068 0.059980 0.725912
9 0.556016 0.319533 0.017009 0.066511 0.592529
9 0.569551 0.318966 0.013752 0.064956 0.485470
9 0.559811 0.319744 0.022516 0.066526 0.451625
2 0.254836 0.439765 0.023533 0.034931 0.403818
9 0.566299 0.319538 0.017415 0.068458 0.300596
