0 0.353333 0.353819 0.036351 0.152849 0.771277
0 0.508044 0.382167 0.039093 0.144464 0.723948
0 0.134975 0.334566 0.027393 0.136158 0.723630
0 0.103571 0.333118 0.024809 0.124289 0.717632
0 0.317611 0.353672 0.026802 0.139937 0.709510
0 0.573732 0.364628 0.015725 0.067340 0.627103
2 0.427160 0.344873 0.040980 0.050642 0.612456
2 0.379648 0.339842 0.028280 0.044328 0.606392
0 0.596752 0.374751 0.017735 0.092209 0.601312
0 0.624305 0.367831 0.016824 0.076222 0.576724
0 0.543654 0.366092 0.014697 0.066450 0.565591
0 0.009054 0.331610 0.018085 0.159618 0.535209
2 0.455761 0.349967 0.023091 0.031478 0.482066
