2 0.569205 0.581992 0.423131 0.247710 0.915984
2 0.956092 0.520012 0.086724 0.118568 0.876933
2 0.065257 0.546044 0.130293 0.118874 0.868276
2 0.153488 0.524339 0.075298 0.087491 0.809739
2 0.246987 0.520980 0.067042 0.075929 0.803276
2 0.341700 0.520995 0.055151 0.065977 0.777775
9 0.372023 0.245900 0.015440 0.057184 0.761128
2 0.207895 0.513974 0.044380 0.065860 0.730657
2 0.289031 0.503969 0.054006 0.073603 0.673117
9 0.486867 0.268136 0.015093 0.064204 0.621801
9 0.944483 0.036619 0.031771 0.070162 0.521295
9 0.611082 0.401304 0.014751 0.056437 0.443405
2 0.363583 0.498797 0.033744 0.041007 0.383579
