2 0.758099 0.568724 0.306857 0.331896 0.904158
2 0.964107 0.542156 0.071302 0.123474 0.862842
2 0.580686 0.470415 0.034967 0.050473 0.805185
2 0.068237 0.460019 0.065781 0.066074 0.769659
2 0.156984 0.476060 0.082289 0.072621 0.754128
5 0.220684 0.445963 0.062133 0.072318 0.667468
2 0.524918 0.462314 0.020616 0.029242 0.651004
2 0.481754 0.464108 0.032656 0.052001 0.631879
2 0.433037 0.467333 0.022998 0.031121 0.457175
2 0.264910 0.457135 0.031979 0.039398 0.448954
2 0.297965 0.454621 0.035961 0.036508 0.388328
2 0.351245 0.460299 0.031178 0.026363 0.264605
