0 0.393323 0.762186 0.074867 0.473014 0.838437
2 0.179901 0.719885 0.084560 0.082553 0.830506
2 0.293219 0.700506 0.036851 0.043563 0.772712
9 0.605713 0.411004 0.017136 0.079221 0.588625
2 0.232141 0.701230 0.055444 0.082881 0.486573
2 0.507084 0.703585 0.034554 0.034164 0.472287
7 0.231657 0.698676 0.056413 0.087053 0.421967
2 0.429641 0.687827 0.018834 0.025485 0.388304
2 0.448079 0.684485 0.017981 0.031980 0.346736
2 0.338879 0.696981 0.026233 0.035021 0.324294
9 0.710677 0.562863 0.018919 0.075557 0.311415
2 0.478426 0.696855 0.020918 0.025919 0.292321
9 0.715548 0.562979 0.029228 0.080561 0.266347
