2 0.141519 0.479893 0.192252 0.164499 0.900471
2 0.938048 0.511474 0.122965 0.190503 0.895034
2 0.672999 0.436661 0.135266 0.173785 0.848357
2 0.524229 0.446245 0.122445 0.198282 0.843193
2 0.396703 0.422987 0.071614 0.094637 0.842785
2 0.333186 0.406464 0.068258 0.085561 0.797426
2 0.440511 0.400741 0.039592 0.052254 0.736036
2 0.020760 0.421369 0.040900 0.076163 0.733473
9 0.904150 0.177647 0.027407 0.101227 0.666622
2 0.798275 0.415878 0.113876 0.062584 0.533000
9 0.869342 0.114647 0.018255 0.069606 0.522521
2 0.855835 0.426812 0.033282 0.048657 0.512470
2 0.978239 0.681915 0.043058 0.239044 0.503959
9 0.973151 0.241408 0.022579 0.080399 0.488977
9 0.820037 0.116692 0.015926 0.066662 0.442027
2 0.006053 0.448636 0.012097 0.052201 0.440435
2 0.590756 0.389079 0.057613 0.098531 0.417260
2 0.524258 0.881558 0.945021 0.207316 0.381147
7 0.589988 0.389212 0.059380 0.098800 0.368129
9 0.601203 0.225071 0.014419 0.046158 0.299123
