2 0.488589 0.690603 0.252534 0.324829 0.909800
2 0.633150 0.643305 0.093966 0.133006 0.892585
2 0.761959 0.643120 0.131569 0.147390 0.835991
9 0.374604 0.275486 0.021945 0.076674 0.803715
2 0.283676 0.585233 0.047330 0.057030 0.740980
2 0.889554 0.644689 0.095647 0.105376 0.693687
2 0.941872 0.671796 0.115524 0.177044 0.577975
9 0.501332 0.423264 0.011410 0.043456 0.568364
9 0.154225 0.252630 0.022994 0.078979 0.553908
2 0.240741 0.593975 0.035186 0.036349 0.511868
2 0.346895 0.598140 0.086464 0.091675 0.487959
9 0.757713 0.527946 0.012617 0.043684 0.400609
9 0.143515 0.484065 0.015879 0.041085 0.395985
9 0.616547 0.424182 0.009805 0.023878 0.324010
