2 0.129741 0.521717 0.258472 0.405560 0.921761
7 0.841311 0.548182 0.316441 0.429874 0.845715
2 0.270573 0.415036 0.051729 0.062396 0.782206
2 0.509240 0.419006 0.041168 0.055822 0.759258
2 0.676752 0.484859 0.104657 0.167080 0.638316
2 0.307753 0.405094 0.037868 0.059478 0.517525
2 0.647573 0.427124 0.066186 0.061523 0.505298
2 0.373627 0.400888 0.021447 0.031982 0.452199
2 0.483202 0.407516 0.022923 0.038624 0.350224
2 0.338803 0.408216 0.015501 0.042037 0.291343
2 0.391461 0.397325 0.018070 0.027479 0.283614
2 0.713962 0.413884 0.049209 0.040702 0.280382
