2 0.675971 0.813960 0.086601 0.131518 0.783344
2 0.821160 0.834984 0.089198 0.113464 0.779506
7 0.527770 0.794813 0.105056 0.160754 0.618647
2 0.336244 0.780064 0.060542 0.070288 0.559542
2 0.175794 0.768752 0.052716 0.081772 0.436864
2 0.726477 0.803194 0.021126 0.039718 0.436708
2 0.402512 0.756570 0.038841 0.040782 0.367327
2 0.901275 0.825219 0.057449 0.044392 0.350407
2 0.408997 0.757867 0.052373 0.043834 0.318916
2 0.869000 0.821282 0.028682 0.036000 0.268896
14 0.957739 0.471528 0.018153 0.025084 0.268745
