2 0.559544 0.630333 0.294605 0.247075 0.922844
2 0.738714 0.628683 0.222198 0.170824 0.897264
2 0.192159 0.583824 0.135061 0.094764 0.880449
9 0.864128 0.087527 0.035797 0.117569 0.686875
9 0.911969 0.081988 0.033173 0.110127 0.553694
2 0.099888 0.604034 0.115152 0.117939 0.535435
9 0.889883 0.081253 0.021347 0.109981 0.502472
9 0.470184 0.326548 0.016656 0.054484 0.468024
3 0.888846 0.624751 0.090727 0.109308 0.387444
9 0.450552 0.326766 0.018068 0.053959 0.374499
0 0.857329 0.618099 0.028369 0.117638 0.330825
3 0.896324 0.633887 0.072953 0.090448 0.301795
9 0.460641 0.326334 0.029904 0.056316 0.282439
0 0.823192 0.582624 0.012841 0.064597 0.273613
