2 0.378987 0.670223 0.167969 0.163974 0.917309
2 0.958826 0.778887 0.081303 0.240257 0.878347
2 0.473703 0.612021 0.108461 0.129061 0.843994
2 0.650121 0.573353 0.034514 0.047876 0.824278
2 0.553431 0.580487 0.051078 0.081291 0.749440
7 0.791129 0.597788 0.113891 0.153543 0.716196
2 0.610765 0.568663 0.029237 0.035783 0.705641
2 0.720221 0.584960 0.035837 0.052191 0.657417
2 0.700813 0.570839 0.021955 0.038645 0.651975
2 0.248783 0.568400 0.116663 0.050889 0.606945
2 0.702917 0.575195 0.020804 0.035860 0.354851
2 0.724103 0.590651 0.031243 0.059406 0.343934
2 0.731666 0.597512 0.020141 0.065100 0.333482
2 0.237208 0.561445 0.095153 0.037713 0.319923
