2 0.358132 0.627348 0.326283 0.487554 0.867456
2 0.900671 0.803745 0.197813 0.321071 0.856132
2 0.161906 0.450213 0.082889 0.105224 0.835589
2 0.672472 0.544863 0.302724 0.333045 0.789055
2 0.073734 0.486377 0.147467 0.180712 0.775969
2 0.020548 0.566050 0.040698 0.194578 0.746856
2 0.205890 0.435834 0.048490 0.074486 0.730623
2 0.518944 0.491676 0.092093 0.190131 0.729236
9 0.269030 0.279884 0.010488 0.033562 0.682297
2 0.276284 0.430178 0.112626 0.128846 0.568947
9 0.069750 0.353736 0.020110 0.027828 0.463270
2 0.094851 0.477772 0.106225 0.163182 0.371691
2 0.633831 0.928660 0.684503 0.127252 0.322746
9 0.358840 0.353148 0.012160 0.045394 0.296425
