2 0.254232 0.475418 0.070828 0.076810 0.861415
2 0.154217 0.478814 0.084250 0.072771 0.827108
2 0.361080 0.459175 0.050154 0.068380 0.768449
2 0.198078 0.460820 0.044686 0.056886 0.685388
2 0.706480 0.463081 0.055982 0.053276 0.577526
9 0.740462 0.243102 0.009842 0.047240 0.572513
2 0.608686 0.443017 0.035750 0.044046 0.535169
9 0.664819 0.204337 0.021490 0.057355 0.403520
2 0.494630 0.435581 0.022453 0.026004 0.347833
2 0.389472 0.432310 0.022129 0.020965 0.347249
2 0.602999 0.439985 0.040291 0.040354 0.330123
2 0.673063 0.454079 0.033263 0.053332 0.318096
9 0.463505 0.301338 0.013913 0.089095 0.283880
2 0.592567 0.437539 0.027881 0.038042 0.273307
2 0.294357 0.448615 0.056832 0.077440 0.258860
