2 0.202156 0.396211 0.180766 0.248684 0.678506
2 0.682344 0.329767 0.195423 0.132234 0.672200
2 0.844946 0.278357 0.058311 0.072664 0.571042
2 0.615639 0.325738 0.128199 0.113648 0.477965
9 0.483830 0.093474 0.024272 0.083247 0.467989
2 0.037428 0.354565 0.054351 0.092733 0.466279
2 0.560704 0.328418 0.104873 0.099825 0.461547
2 0.358195 0.346094 0.038331 0.042083 0.446479
2 0.979418 0.268100 0.039584 0.090271 0.383069
7 0.203057 0.394313 0.182168 0.254163 0.319008
2 0.580363 0.326883 0.118027 0.102623 0.291040
2 0.528694 0.328174 0.056768 0.085336 0.277111
2 0.490668 0.838276 0.966032 0.294774 0.268298
2 0.527605 0.318067 0.053013 0.060091 0.255709
