2 0.583290 0.782027 0.360815 0.414755 0.936488
0 0.218811 0.730289 0.062290 0.255811 0.808196
0 0.056885 0.720424 0.040613 0.267934 0.790333
0 0.023869 0.769944 0.047738 0.320838 0.771693
2 0.140672 0.676443 0.146459 0.128563 0.669496
0 0.326800 0.671386 0.028480 0.096646 0.578199
0 0.286620 0.657728 0.022270 0.081733 0.561761
0 0.725521 0.648824 0.035182 0.125670 0.514865
9 0.019904 0.066322 0.038037 0.129304 0.421377
9 0.379809 0.459354 0.023340 0.100347 0.351778
9 0.380565 0.443031 0.020659 0.065532 0.322425
9 0.639749 0.402307 0.016104 0.049839 0.315153
26 0.217983 0.699897 0.046141 0.117070 0.281345
