2 0.886414 0.720891 0.226050 0.377061 0.923197
2 0.618827 0.412167 0.110643 0.069196 0.752367
2 0.792561 0.633005 0.197721 0.185003 0.746736
2 0.752403 0.584826 0.274560 0.229775 0.659146
2 0.312753 0.646660 0.341847 0.463864 0.646280
2 0.607048 0.560566 0.082966 0.148965 0.573923
2 0.729973 0.416863 0.083954 0.065312 0.546104
2 0.479789 0.556570 0.045873 0.182330 0.540577
2 0.584641 0.526220 0.113676 0.113368 0.525129
2 0.569721 0.366441 0.039897 0.043601 0.490531
2 0.541238 0.364361 0.022267 0.035435 0.480135
2 0.424721 0.325002 0.020012 0.025582 0.463078
2 0.387912 0.345987 0.056876 0.042654 0.339370
2 0.734155 0.424847 0.078708 0.052345 0.338502
2 0.381221 0.344645 0.034688 0.044929 0.287326
2 0.711740 0.569213 0.196454 0.201780 0.268261
