2 0.821842 0.617975 0.356316 0.350371 0.911862
2 0.440210 0.501416 0.055129 0.080967 0.862119
2 0.306950 0.509129 0.086049 0.086515 0.759394
0 0.523886 0.506859 0.039946 0.188784 0.692209
2 0.224616 0.497094 0.084898 0.110622 0.607124
2 0.376998 0.484805 0.045833 0.056009 0.558068
2 0.654268 0.553169 0.104324 0.174050 0.554211
2 0.576416 0.522376 0.058679 0.122935 0.550578
0 0.053775 0.484616 0.021434 0.098798 0.489807
2 0.637146 0.538160 0.136386 0.177397 0.485321
2 0.512041 0.884213 0.971908 0.213836 0.276955
