0 0.028759 0.510865 0.057402 0.266392 0.861990
2 0.929874 0.523469 0.139552 0.265705 0.853526
2 0.505751 0.509458 0.116735 0.143296 0.821093
2 0.674526 0.490113 0.098421 0.096978 0.659521
0 0.822390 0.476591 0.021758 0.096174 0.605487
0 0.238249 0.459429 0.015994 0.084262 0.538479
0 0.752486 0.492363 0.033044 0.130931 0.518563
2 0.569224 0.468041 0.025654 0.048490 0.476152
2 0.598923 0.471754 0.040158 0.061781 0.432066
2 0.619922 0.483626 0.036499 0.076080 0.355324
1 0.770244 0.526237 0.075403 0.080528 0.336999
2 0.613635 0.484738 0.028202 0.068268 0.304365
0 0.724116 0.474611 0.013721 0.074202 0.283415
