0 0.954996 0.611576 0.053015 0.193072 0.823322
9 0.194577 0.315562 0.020209 0.070869 0.808603
2 0.093269 0.710032 0.186229 0.492686 0.794318
2 0.215620 0.667572 0.087697 0.096507 0.702693
9 0.790036 0.149838 0.047958 0.178314 0.694104
2 0.682544 0.614436 0.170302 0.094294 0.664723
9 0.331114 0.322598 0.020596 0.064447 0.596612
9 0.854009 0.125799 0.070382 0.199382 0.589760
2 0.459640 0.633257 0.297865 0.360882 0.556131
0 0.918872 0.583427 0.024691 0.164707 0.531098
2 0.811172 0.607785 0.053704 0.118045 0.365723
