2 0.817191 0.683570 0.183167 0.161181 0.856317
2 0.924888 0.659666 0.115691 0.103224 0.817682
2 0.550883 0.662954 0.101464 0.159139 0.775006
2 0.610273 0.634841 0.044659 0.066618 0.766589
2 0.037419 0.581129 0.073295 0.095502 0.655538
2 0.646457 0.639731 0.035398 0.060332 0.630872
2 0.024676 0.582961 0.049182 0.095643 0.618945
2 0.189572 0.591221 0.105386 0.079546 0.557165
2 0.459073 0.608269 0.028967 0.037878 0.481767
2 0.725323 0.638510 0.051572 0.085469 0.469251
5 0.278670 0.581316 0.104915 0.088070 0.463525
2 0.078218 0.581131 0.098682 0.088763 0.408916
2 0.986316 0.671033 0.026500 0.070584 0.406385
2 0.978423 0.664578 0.042423 0.081393 0.362004
2 0.742681 0.638290 0.088028 0.089139 0.359061
2 0.278416 0.583285 0.104816 0.088109 0.355563
2 0.147328 0.587595 0.060768 0.079601 0.339434
7 0.277271 0.582714 0.102639 0.091787 0.270923
