2 0.090789 0.642817 0.181393 0.200126 0.861576
0 0.821283 0.565460 0.031441 0.133010 0.784293
2 0.486299 0.596863 0.093684 0.094078 0.782920
0 0.682676 0.592207 0.030858 0.154563 0.774802
2 0.341312 0.609675 0.237766 0.139666 0.773101
0 0.768153 0.566532 0.022651 0.107456 0.706942
0 0.794057 0.558959 0.023928 0.111358 0.690323
0 0.751529 0.569086 0.020785 0.107681 0.662248
9 0.482754 0.327834 0.016341 0.061419 0.628555
7 0.940205 0.535381 0.118338 0.186884 0.601210
9 0.803930 0.076403 0.027899 0.103116 0.591804
9 0.088720 0.244432 0.023512 0.072532 0.518797
9 0.485804 0.327664 0.021915 0.068304 0.497260
9 0.841437 0.077975 0.029299 0.103407 0.442000
9 0.495888 0.325099 0.014201 0.063950 0.387233
0 0.636418 0.596972 0.022247 0.065855 0.371230
2 0.146874 0.593697 0.113948 0.079071 0.336596
11 0.904438 0.413341 0.024050 0.054015 0.313007
9 0.082362 0.243895 0.035454 0.077196 0.294087
9 0.059650 0.243443 0.025072 0.072819 0.279641
10 0.635568 0.597402 0.021555 0.065272 0.262930
