2 0.092244 0.583175 0.184064 0.415825 0.866555
2 0.761023 0.414122 0.139405 0.160844 0.805969
2 0.539425 0.420326 0.081968 0.134232 0.771882
2 0.906648 0.417897 0.185983 0.301190 0.759067
2 0.453616 0.409759 0.060148 0.082137 0.687060
2 0.276684 0.469814 0.219771 0.254598 0.654002
2 0.630971 0.399673 0.056032 0.071202 0.621947
2 0.671223 0.413630 0.059524 0.077122 0.613852
2 0.620199 0.396389 0.049290 0.063830 0.496791
2 0.613613 0.396054 0.038670 0.060021 0.461145
9 0.599669 0.101353 0.015579 0.060168 0.346543
2 0.391279 0.422688 0.035396 0.053853 0.329182
9 0.615273 0.097547 0.014554 0.068914 0.259594
2 0.479703 0.404800 0.020678 0.049266 0.250868
