2 0.434312 0.433758 0.054838 0.069200 0.638532
2 0.199176 0.416829 0.065810 0.040764 0.605599
2 0.366609 0.412979 0.036641 0.052913 0.594562
2 0.681438 0.415610 0.077056 0.072173 0.516247
2 0.265853 0.415874 0.024044 0.029895 0.428015
0 0.637311 0.433082 0.030218 0.096900 0.361627
2 0.172144 0.417799 0.026446 0.038221 0.334196
2 0.288157 0.412986 0.028490 0.035877 0.321687
2 0.668192 0.417885 0.104765 0.078043 0.282332
2 0.335828 0.414969 0.024087 0.022841 0.280209
2 0.317964 0.413500 0.018822 0.024481 0.274141
2 0.594873 0.414049 0.041263 0.038360 0.262488
9 0.057471 0.349611 0.010077 0.045343 0.258599
