2 0.106030 0.799733 0.211403 0.326564 0.929471
2 0.498745 0.797610 0.281866 0.379940 0.923497
2 0.792448 0.710284 0.181672 0.177111 0.731249
0 0.184980 0.684682 0.032003 0.089360 0.545268
0 0.921247 0.720620 0.027238 0.120587 0.494594
7 0.637301 0.647165 0.175794 0.199662 0.484908
0 0.906277 0.720300 0.023516 0.116902 0.481680
0 0.317198 0.697999 0.023529 0.092924 0.424426
9 0.702490 0.176232 0.028390 0.190651 0.398150
2 0.690502 0.700845 0.042383 0.075841 0.329801
0 0.914817 0.721052 0.036946 0.121175 0.299626
5 0.638044 0.646081 0.176865 0.194905 0.254167
