2 0.078529 0.702459 0.156743 0.284719 0.922377
2 0.152118 0.660915 0.101147 0.134757 0.838619
2 0.403568 0.688220 0.224352 0.354250 0.820265
2 0.236972 0.642966 0.093267 0.098524 0.801364
9 0.355140 0.446689 0.011055 0.037949 0.765881
2 0.291120 0.623521 0.027480 0.053963 0.630389
9 0.162483 0.434566 0.012847 0.051703 0.548000
9 0.346121 0.446950 0.008741 0.037433 0.543660
9 0.165500 0.435840 0.016721 0.049626 0.488915
9 0.168695 0.435284 0.014479 0.049551 0.425523
2 0.206172 0.611118 0.035904 0.046038 0.396101
9 0.308365 0.562637 0.010815 0.043179 0.257114
9 0.376042 0.369695 0.018664 0.039279 0.253728
