2 0.865610 0.679378 0.267612 0.325029 0.932783
2 0.341641 0.548016 0.040713 0.059252 0.797184
2 0.293774 0.558697 0.080201 0.079046 0.776288
0 0.751747 0.555990 0.046028 0.125520 0.771418
2 0.528751 0.530193 0.038338 0.049280 0.771069
9 0.476958 0.142762 0.019248 0.089312 0.685832
2 0.479736 0.532296 0.033032 0.047464 0.616054
9 0.456203 0.145201 0.020766 0.083467 0.615063
2 0.365123 0.537923 0.026281 0.043838 0.598694
2 0.501219 0.524857 0.018445 0.030857 0.544965
2 0.388044 0.531039 0.027290 0.041029 0.521135
9 0.340090 0.270010 0.015419 0.059494 0.440488
2 0.438011 0.523530 0.020681 0.024935 0.411586
2 0.405498 0.527545 0.021235 0.035860 0.395830
2 0.427830 0.525464 0.019385 0.021640 0.354214
9 0.647066 0.392708 0.013508 0.048635 0.352471
2 0.360602 0.536881 0.027434 0.043573 0.312689
10 0.597812 0.557652 0.011019 0.038391 0.280779
