0 0.629402 0.519491 0.052663 0.238569 0.848809
2 0.222981 0.493638 0.052005 0.066783 0.775928
2 0.280053 0.501014 0.067558 0.071420 0.763434
7 0.058707 0.492319 0.114038 0.097606 0.755940
2 0.165762 0.491897 0.049947 0.050328 0.629097
7 0.362993 0.495635 0.063603 0.095633 0.626486
7 0.124333 0.477206 0.054195 0.073271 0.589192
2 0.405370 0.503667 0.023474 0.027467 0.524883
2 0.323333 0.479382 0.026016 0.043315 0.452606
58 0.766719 0.529821 0.156660 0.244474 0.375954
5 0.383905 0.452284 0.052431 0.086336 0.368158
58 0.962302 0.535777 0.074551 0.296087 0.367670
2 0.363331 0.495338 0.063733 0.096859 0.331422
58 0.962869 0.483616 0.073309 0.191427 0.277446
