2 0.705944 0.402160 0.220577 0.166628 0.846637
2 0.861553 0.400003 0.104698 0.099890 0.765146
2 0.022053 0.510190 0.043476 0.066369 0.693042
2 0.095400 0.498517 0.043685 0.049405 0.678158
2 0.566480 0.432492 0.070039 0.104778 0.659353
7 0.376673 0.445067 0.149751 0.109811 0.656614
2 0.127480 0.491182 0.040610 0.050267 0.604090
9 0.243991 0.133948 0.020391 0.066354 0.578916
2 0.061516 0.505999 0.049590 0.053479 0.552467
2 0.920673 0.369477 0.133853 0.142277 0.533021
2 0.156200 0.492002 0.023259 0.036140 0.474263
9 0.222250 0.133346 0.027938 0.070816 0.442758
2 0.282757 0.468185 0.039328 0.040470 0.430542
7 0.973315 0.357920 0.053091 0.346820 0.373234
2 0.241683 0.468715 0.029941 0.035094 0.340400
2 0.177755 0.490982 0.019761 0.029519 0.323488
2 0.190038 0.488542 0.023697 0.027684 0.298053
9 0.239125 0.133519 0.028222 0.072979 0.290490
2 0.169393 0.491300 0.029099 0.034843 0.288971
2 0.217089 0.480966 0.023487 0.030084 0.275526
9 0.232759 0.132598 0.024761 0.071946 0.254813
