0 0.821406 0.516776 0.034893 0.186094
0 0.671276 0.511878 0.026629 0.150181
0 0.549158 0.544254 0.056000 0.187727
0 0.733257 0.544527 0.051421 0.218742
7 0.602358 0.267715 0.048666 0.101209
7 0.609704 0.357497 0.056012 0.068561
2 0.331787 0.448912 0.012855 0.022854
5 0.466858 0.492987 0.111465 0.169770
2 0.372805 0.446601 0.013765 0.018353
2 0.388864 0.451699 0.027530 0.032628
2 0.402056 0.461896 0.047031 0.048943
2 0.317745 0.450680 0.029824 0.034668
2 0.282414 0.448640 0.013765 0.032628
2 0.277252 0.451699 0.017206 0.038746
2 0.261193 0.453739 0.030971 0.046903
2 0.244560 0.457817 0.034413 0.050982
2 0.222765 0.464955 0.034413 0.057100
2 0.199594 0.470053 0.043589 0.059139
2 0.164034 0.479230 0.061943 0.073414
5 0.069727 0.497000 0.139454 0.138671