2 0.888112 0.488660 0.143235 0.105155
2 0.787500 0.474227 0.080026 0.076289
2 0.718492 0.452577 0.053351 0.061856
2 0.666302 0.435052 0.046392 0.059794
2 0.625999 0.443299 0.050451 0.039175
2 0.526546 0.419382 0.020876 0.037113
2 0.500451 0.419382 0.019716 0.037113
2 0.513209 0.417320 0.012758 0.041237
2 0.593003 0.429691 0.022036 0.045361
2 0.458467 0.412165 0.015077 0.030928
2 0.381340 0.413196 0.020876 0.028866
2 0.357217 0.410309 0.018557 0.032990
2 0.331121 0.410309 0.022036 0.037113
2 0.313724 0.406186 0.015077 0.037113
2 0.286469 0.430928 0.048711 0.094845
2 0.230219 0.462887 0.107861 0.154639
2 0.058570 0.440550 0.100902 0.103093
5 0.079446 0.408247 0.075387 0.096907
2 0.010438 0.439175 0.020876 0.096907
7 0.670361 0.282474 0.063789 0.101031
2 0.122358 0.398969 0.015077 0.037113
2 0.137436 0.401031 0.017397 0.032990
2 0.161211 0.407217 0.023196 0.037113
7 0.421005 0.377663 0.011598 0.026804