7 0.030258 0.355720 0.054659 0.031234
7 0.081501 0.338367 0.030258 0.045116
6 0.128352 0.343573 0.010737 0.038175
6 0.121519 0.343573 0.012689 0.041645
6 0.147385 0.437275 0.007808 0.034704
6 0.452892 0.335765 0.007808 0.029499
6 0.606133 0.370469 0.013665 0.026028
6 0.590516 0.373939 0.013665 0.029499
0 0.047339 0.532712 0.018545 0.065938
0 0.032698 0.540520 0.016593 0.064203
0 0.018545 0.543123 0.013665 0.065938
2 0.007808 0.549196 0.015617 0.036440
0 0.188868 0.506684 0.010737 0.048586
0 0.503159 0.462435 0.010737 0.029499
2 0.463628 0.458097 0.009761 0.017352
2 0.448499 0.466774 0.020497 0.031234
0 0.321612 0.486729 0.006832 0.022558
2 0.304043 0.493669 0.030258 0.039910
2 0.267440 0.498875 0.031234 0.046851
2 0.214245 0.505816 0.045875 0.060733
2 0.434347 0.451157 0.013665 0.034704
2 0.396768 0.483258 0.102486 0.189139
2 0.542201 0.475450 0.028306 0.093702
7 0.496814 0.337500 0.017569 0.026028
7 0.548546 0.373072 0.015617 0.017352
7 0.542201 0.353984 0.018545 0.017352
2 0.749126 0.429466 0.073204 0.078085
2 0.700811 0.439878 0.070276 0.053792
2 0.598325 0.472847 0.117127 0.147493
2 0.922865 0.597782 0.153241 0.334897