6 0.173666 0.295919 0.011695 0.049897
6 0.471491 0.458085 0.003898 0.011088
6 0.670300 0.264040 0.013254 0.069302
6 0.658606 0.273049 0.016373 0.070688
6 0.790366 0.461550 0.017932 0.034651
6 0.542438 0.498973 0.007017 0.012474
7 0.502014 0.471252 0.007017 0.011088
7 0.497726 0.473331 0.006237 0.009702
7 0.536708 0.462243 0.009356 0.006930
7 0.771849 0.307700 0.040542 0.049897
7 0.769120 0.361756 0.014813 0.019405
7 0.787442 0.372151 0.023389 0.018018
7 0.769510 0.386704 0.017152 0.019405
5 0.315951 0.510754 0.160607 0.102567
5 0.432508 0.509368 0.052236 0.108111
5 0.517100 0.512833 0.038982 0.081776
5 0.476948 0.526001 0.040542 0.036037
2 0.573624 0.544712 0.047558 0.103953
2 0.630928 0.550949 0.106032 0.166324
2 0.883923 0.641042 0.230775 0.174641
0 0.476285 0.527387 0.008576 0.026335
3 0.477065 0.535703 0.010135 0.026335
0 0.399880 0.529466 0.007017 0.033265
0 0.408456 0.521843 0.005458 0.031879
0 0.571636 0.566196 0.015281 0.103953
0 0.855661 0.536396 0.019491 0.052669