6 0.294673 0.574951 0.007031 0.029687
6 0.287642 0.575732 0.005273 0.034375
6 0.300826 0.581982 0.005273 0.028125
2 0.340816 0.674170 0.018457 0.084375
2 0.328072 0.667139 0.022852 0.054687
2 0.301265 0.699170 0.064160 0.146875
2 0.251607 0.707764 0.123047 0.220312
2 0.148775 0.766357 0.210937 0.246875
6 0.200630 0.577295 0.008789 0.028125
2 0.068675 0.786670 0.137349 0.421875
7 0.551314 0.501514 0.017578 0.035937
0 0.707759 0.674170 0.026367 0.081250
2 0.693697 0.653857 0.068555 0.106250
4 0.427735 0.613479 0.157508 0.353530
2 0.539009 0.768701 0.381445 0.457812
4 0.069993 0.598389 0.139986 0.142187