5 0.853994 0.494190 0.288305 0.977796
0 0.319000 0.539952 0.028316 0.144915
0 0.708126 0.565122 0.012013 0.079322
7 0.262798 0.322579 0.025742 0.070169
7 0.618031 0.441562 0.015445 0.039661
7 0.570838 0.469020 0.008581 0.030508
6 0.533942 0.465969 0.006864 0.018305
6 0.483746 0.465206 0.006006 0.016780
2 0.459720 0.567410 0.084947 0.120508
2 0.562257 0.548342 0.032606 0.045763
5 0.282104 0.496478 0.146727 0.253220
4 0.391934 0.510206 0.055773 0.118983
4 0.514635 0.517834 0.030032 0.070169
0 0.666510 0.557495 0.014587 0.042712