7 0.482174 0.488464 0.015617 0.029499
7 0.473389 0.505816 0.013665 0.032969
7 0.429466 0.526639 0.011713 0.022558
2 0.417754 0.553534 0.011713 0.031234
2 0.427026 0.560475 0.014641 0.038175
2 0.437763 0.563946 0.014641 0.045116
2 0.445083 0.569151 0.019521 0.048586
2 0.458748 0.570019 0.025378 0.078085
2 0.482174 0.579563 0.046851 0.097172
2 0.520240 0.589106 0.083941 0.116260
2 0.563675 0.629016 0.114199 0.150964
2 0.669577 0.681073 0.226446 0.241195
2 0.363582 0.536182 0.010737 0.017352
2 0.357238 0.537917 0.007808 0.027763
2 0.349917 0.541388 0.012689 0.034704
2 0.337717 0.540520 0.019521 0.039910
2 0.327468 0.547461 0.018545 0.046851
2 0.300138 0.550064 0.049779 0.086761
2 0.278665 0.556137 0.032210 0.091967
2 0.252311 0.559608 0.047827 0.112789
2 0.178619 0.554402 0.130792 0.171787
2 0.085893 0.592577 0.171787 0.220373
2 0.004880 0.668926 0.009761 0.137082
2 0.852100 0.766966 0.294770 0.458097
2 0.391468 0.550996 0.040974 0.070414