7 0.124541 0.342307 0.034413 0.016314
7 0.136012 0.365758 0.016059 0.018353
7 0.106761 0.373916 0.030971 0.018353
6 0.681946 0.426208 0.019501 0.028550
6 0.626968 0.066568 0.020648 0.099924
6 0.278825 0.176980 0.014912 0.071375
6 0.425080 0.426354 0.006883 0.018353
2 0.713491 0.523948 0.048178 0.067296
6 0.599438 0.073414 0.018353 0.097885
6 0.258751 0.176689 0.016059 0.067296
6 0.106188 0.416595 0.022942 0.028550
6 0.131998 0.414555 0.008030 0.028550
5 0.352403 0.449514 0.053913 0.032628
2 0.320121 0.492631 0.019501 0.020393
2 0.302914 0.516082 0.042442 0.063218
2 0.275958 0.523220 0.041295 0.069335
2 0.394026 0.498603 0.012618 0.030589
2 0.401482 0.495544 0.009177 0.032628
2 0.571252 0.501662 0.027530 0.057100
2 0.232286 0.531231 0.079149 0.079532
2 0.355025 0.511858 0.081444 0.106042
2 0.425571 0.498603 0.032119 0.038746
2 0.603370 0.515937 0.057355 0.065257
2 0.501279 0.527153 0.123886 0.197810
2 0.967615 0.643595 0.061943 0.309970