2 0.528337 0.371780 0.014725 0.020568
2 0.497486 0.373026 0.014725 0.024307
2 0.483813 0.379571 0.023139 0.026177
2 0.467510 0.386115 0.026294 0.039266
2 0.455941 0.394529 0.028398 0.044875
2 0.440690 0.403878 0.031553 0.044875
2 0.413344 0.419460 0.048381 0.067313
2 0.538504 0.372715 0.016828 0.022438
2 0.552703 0.367105 0.007362 0.014958
2 0.561117 0.368040 0.007362 0.016828
2 0.565850 0.369910 0.008414 0.016828
2 0.577420 0.369910 0.016828 0.020568
2 0.577946 0.380194 0.013673 0.026177
2 0.587412 0.384869 0.019984 0.028047
2 0.596352 0.402632 0.037864 0.048615
2 0.601085 0.423200 0.015776 0.037396
5 0.628255 0.435353 0.058899 0.076662
2 0.353744 0.449065 0.069417 0.099100
2 0.046278 0.450623 0.092555 0.112188
2 0.943084 0.456856 0.113591 0.130886
2 0.811613 0.475243 0.311323 0.196330
2 0.513262 0.386738 0.027346 0.039266