6 0.369858 0.433857 0.004493 0.018972
6 0.472363 0.455325 0.006178 0.029956
6 0.430518 0.446838 0.004493 0.016975
2 0.370139 0.507748 0.015165 0.022966
2 0.200515 0.526220 0.075825 0.101849
2 0.149404 0.551682 0.078072 0.110836
2 0.060379 0.546191 0.119074 0.171746
2 0.287012 0.537703 0.091552 0.108839
2 0.490898 0.503254 0.032015 0.025962
2 0.499323 0.534208 0.039878 0.067899
2 0.537235 0.545691 0.062907 0.100851
2 0.579641 0.559671 0.084812 0.124815
2 0.651815 0.586131 0.148280 0.179734
2 0.729887 0.525222 0.053920 0.053920
2 0.837833 0.662352 0.320899 0.375444
7 0.736358 0.331842 0.026960 0.085873
7 0.533034 0.446172 0.010110 0.028957
7 0.478553 0.469637 0.006740 0.017973
7 0.302470 0.456157 0.008425 0.016975
7 0.331676 0.457655 0.005055 0.019970
7 0.170759 0.446172 0.020220 0.036945
2 0.429126 0.562500 0.128060 0.207692