6 0.343910 0.344076 0.007198 0.038389
6 0.353508 0.346208 0.009597 0.034123
6 0.561646 0.348341 0.008398 0.038389
6 0.576041 0.432583 0.013196 0.019194
6 0.243740 0.435782 0.010797 0.017062
7 0.295325 0.359004 0.037189 0.017062
7 0.310320 0.397393 0.016795 0.017062
7 0.326516 0.408057 0.010797 0.021327
7 0.256336 0.383531 0.019194 0.014929
7 0.568844 0.388862 0.017995 0.012796
7 0.576641 0.369668 0.016795 0.008531
7 0.624627 0.346208 0.035989 0.021327
6 0.679211 0.398459 0.015595 0.023460
7 0.096784 0.272630 0.019194 0.027725
7 0.496265 0.408057 0.009597 0.021327
7 0.498065 0.432583 0.010797 0.023460
7 0.820169 0.203317 0.033590 0.051185
7 0.818969 0.282227 0.038389 0.093839
0 0.862756 0.481635 0.032390 0.113033
1 0.522657 0.510426 0.009597 0.038389
0 0.523857 0.498696 0.019194 0.083175
0 0.516659 0.480568 0.011996 0.042654
0 0.506462 0.482701 0.008398 0.051185
0 0.494466 0.512559 0.041988 0.119431
5 0.406292 0.479502 0.026392 0.053318
2 0.379900 0.485900 0.031191 0.044787
2 0.443481 0.477369 0.011996 0.023460
2 0.448879 0.484834 0.015595 0.029858
2 0.456077 0.486966 0.020394 0.046919
2 0.466874 0.491232 0.029991 0.042654
2 0.422487 0.495497 0.037189 0.059716
2 0.575442 0.547748 0.112767 0.155687
2 0.724797 0.574407 0.248326 0.302843
2 0.876494 0.745023 0.247011 0.507583
2 0.212743 0.674644 0.425486 0.503317
6 0.142622 0.283768 0.014081 0.041126
0 0.358868 0.493868 0.012070 0.050066
1 0.361885 0.509066 0.030174 0.037550