2 0.340305 0.420403 0.011815 0.017185
2 0.323656 0.423267 0.017185 0.019095
2 0.303249 0.425177 0.025778 0.030552
2 0.268341 0.434724 0.018259 0.026733
2 0.239341 0.433770 0.039741 0.036280
2 0.202822 0.444272 0.041889 0.034371
2 0.146433 0.446181 0.066593 0.049646
2 0.400453 0.428041 0.029000 0.043918
2 0.508398 0.427086 0.030074 0.042009
2 0.362323 0.444272 0.053704 0.064922
2 0.452009 0.471004 0.104186 0.152758
2 0.566399 0.431860 0.096667 0.131754
2 0.741653 0.396535 0.123519 0.168034
0 0.849598 0.405764 0.027926 0.089745
1 0.836172 0.447772 0.063371 0.070651
7 0.587880 0.152122 0.021482 0.019095
7 0.570695 0.199859 0.075186 0.076379
7 0.262971 0.368529 0.026852 0.026733
6 0.434824 0.345615 0.007519 0.019095
6 0.437509 0.370439 0.008593 0.019095
6 0.470805 0.376167 0.006444 0.019095
6 0.490139 0.342751 0.006444 0.028642