6 0.328963 0.394328 0.008004 0.044466
6 0.257427 0.437016 0.007003 0.037352
6 0.500547 0.324961 0.013006 0.065810
6 0.513554 0.320514 0.009004 0.071146
6 0.490542 0.317846 0.009004 0.055138
6 0.719155 0.469032 0.016008 0.030237
7 0.303950 0.409447 0.038019 0.014229
7 0.591592 0.322293 0.061030 0.021344
7 0.538566 0.463696 0.005002 0.016008
7 0.542568 0.486818 0.005002 0.016008
7 0.536094 0.482372 0.006592 0.021344
7 0.714653 0.380988 0.021010 0.014229
7 0.262930 0.487708 0.012006 0.028459
7 0.361479 0.509052 0.027013 0.042688
0 0.564579 0.557075 0.017008 0.039130
0 0.386431 0.564190 0.013126 0.035573
0 0.970279 0.557075 0.026013 0.120949
0 0.985253 0.566581 0.017941 0.139961
2 0.287442 0.564190 0.019009 0.032016
2 0.246422 0.570415 0.019009 0.030237
2 0.202900 0.570415 0.020010 0.019565
2 0.123861 0.587312 0.032016 0.042688
2 0.084342 0.597984 0.055027 0.039130
2 0.155877 0.586423 0.034017 0.040909
2 0.178888 0.590870 0.050025 0.049802
2 0.223564 0.587768 0.040712 0.050713
2 0.429512 0.543735 0.009004 0.012451
2 0.438517 0.539289 0.009004 0.010672
2 0.446020 0.541067 0.010005 0.010672
2 0.454024 0.543735 0.008004 0.012451
2 0.461028 0.545514 0.008004 0.012451
2 0.468531 0.549071 0.009004 0.019565
2 0.486540 0.550850 0.015007 0.026680
2 0.497546 0.556186 0.017008 0.030237
2 0.512553 0.560633 0.025012 0.039130
7 0.026313 0.539289 0.013006 0.035573
2 0.094947 0.784268 0.189894 0.328224
2 0.801642 0.781044 0.395304 0.434276
2 0.311597 0.708295 0.405487 0.451846