6 0.619554 0.699108 0.010926 0.021853
6 0.599067 0.694252 0.008195 0.026709
2 0.659161 0.719746 0.024584 0.053417
2 0.687160 0.722174 0.039608 0.058273
2 0.706281 0.729458 0.039608 0.063130
2 0.732231 0.733101 0.031413 0.080126
2 0.749303 0.731886 0.040974 0.087410
2 0.782765 0.733101 0.055997 0.114119
2 0.879052 0.746455 0.199404 0.140827
2 0.346397 0.753739 0.152968 0.121403
2 0.588823 0.729458 0.017755 0.033993
2 0.566971 0.725816 0.025950 0.055845
2 0.543753 0.729458 0.025950 0.048561
2 0.503462 0.750097 0.057363 0.065558
2 0.622285 0.729458 0.019121 0.033993
7 0.044132 0.497579 0.088264 0.046133