2 0.288863 0.395167 0.012292 0.016996
2 0.279303 0.398809 0.012292 0.019424
2 0.270425 0.402451 0.021853 0.026709
2 0.261548 0.403665 0.020487 0.033993
2 0.254719 0.404879 0.015024 0.036421
2 0.315496 0.392739 0.010926 0.016996
2 0.348958 0.396381 0.017755 0.029137
2 0.481439 0.430981 0.094239 0.128687
2 0.076484 0.427338 0.079215 0.053417
2 0.328334 0.404272 0.027316 0.036421
2 0.552323 0.467401 0.163894 0.177248
2 0.364528 0.401844 0.023218 0.036421
2 0.233412 0.413984 0.034145 0.050989
2 0.400857 0.390918 0.017755 0.024281
6 0.170723 0.372707 0.016389 0.026709
7 0.174820 0.349641 0.019121 0.014568
7 0.116774 0.301079 0.023218 0.019424
7 0.696094 0.212455 0.054631 0.118975
6 0.263596 0.251911 0.008195 0.036421
6 0.272474 0.256767 0.006829 0.041277
6 0.327105 0.276192 0.009560 0.026709
6 0.335983 0.279834 0.008195 0.029137
6 0.340763 0.346605 0.006829 0.021853
6 0.481439 0.344177 0.017755 0.021853
7 0.504657 0.333858 0.023218 0.016996
2 0.871028 0.543885 0.252670 0.563310