2 0.154339 0.530156 0.308677 0.632812
2 0.766807 0.479297 0.293994 0.363281
2 0.579600 0.435937 0.072510 0.117187
2 0.593443 0.407812 0.047461 0.084375
2 0.325157 0.418359 0.032959 0.039844
2 0.365367 0.405468 0.029004 0.037500
2 0.391552 0.402734 0.021094 0.025781
2 0.409350 0.400390 0.014502 0.025781
2 0.432422 0.428125 0.058008 0.075000
2 0.459448 0.409765 0.025049 0.049219
2 0.472632 0.403906 0.017139 0.023437
2 0.479223 0.387500 0.011865 0.018750
2 0.493725 0.398047 0.025049 0.044531
2 0.504931 0.392187 0.013184 0.028125
2 0.526684 0.403906 0.025049 0.042187
2 0.517456 0.387500 0.009229 0.028125
6 0.507568 0.342187 0.007910 0.018750
2 0.555029 0.396875 0.018457 0.037500
2 0.541845 0.389843 0.013184 0.032812