6 0.459676 0.245260 0.013196 0.051185
6 0.475871 0.247393 0.011996 0.051185
6 0.617429 0.346564 0.011996 0.044787
6 0.880751 0.475592 0.015595 0.029858
6 0.762586 0.475592 0.014396 0.021327
6 0.375101 0.431872 0.011996 0.027725
6 0.360106 0.430805 0.015595 0.025592
6 0.317518 0.422275 0.011996 0.025592
6 0.533454 0.443602 0.007198 0.029858
2 0.295862 0.492044 0.007198 0.025592
2 0.281466 0.490978 0.016795 0.019194
2 0.267071 0.492044 0.016795 0.021327
2 0.250875 0.497376 0.017995 0.027725
2 0.235880 0.492044 0.019194 0.025592
2 0.207088 0.519769 0.074378 0.076777
2 0.117115 0.510172 0.052784 0.074644
0 0.145907 0.553283 0.047986 0.209005
6 0.459613 0.437661 0.003599 0.019194
6 0.454215 0.435528 0.004799 0.027725
2 0.453015 0.503165 0.014396 0.023460
2 0.464412 0.497833 0.010797 0.042654
2 0.475809 0.502099 0.011996 0.021327
2 0.547187 0.515961 0.017995 0.031991
2 0.649757 0.538354 0.045586 0.051185
2 0.493803 0.508497 0.026392 0.038389
2 0.518396 0.511696 0.020394 0.027725
4 0.590974 0.501032 0.074378 0.104502
0 0.985662 0.579028 0.028676 0.108768
2 0.755388 0.681398 0.297512 0.322038
2 0.413043 0.642094 0.234237 0.418311
4 0.059417 0.468047 0.118834 0.133594
7 0.366026 0.387187 0.032959 0.042187
7 0.760215 0.430547 0.019775 0.016406
2 0.988291 0.932109 0.022412 0.128906