7 0.621482 0.163810 0.023986 0.080085
7 0.457380 0.233494 0.008190 0.028082
7 0.455625 0.206972 0.009361 0.012481
7 0.408237 0.171090 0.016381 0.023921
7 0.429006 0.239734 0.005265 0.007280
7 0.386006 0.238174 0.007020 0.012481
6 0.283625 0.187731 0.007020 0.026002
6 0.365237 0.162770 0.008776 0.026002
6 0.359387 0.164850 0.007605 0.028082
6 0.179196 0.149769 0.011116 0.037442
6 0.169543 0.153409 0.011701 0.036402
0 0.090563 0.323459 0.012871 0.054083
5 0.171883 0.282377 0.094776 0.171610
2 0.397999 0.269896 0.018136 0.023921
2 0.407067 0.288617 0.024571 0.038482
2 0.443632 0.304738 0.060259 0.104006
2 0.514421 0.322419 0.087170 0.141448
2 0.559176 0.357781 0.078395 0.160169
2 0.306558 0.380143 0.215878 0.327619
2 0.690633 0.374942 0.266776 0.298498
0 0.986953 0.394703 0.025156 0.154969
7 0.004095 0.147136 0.008190 0.052003
7 0.069619 0.157017 0.017551 0.030162