7 0.676812 0.426540 0.029991 0.042654
7 0.564045 0.418009 0.037189 0.017062
7 0.556247 0.370023 0.019194 0.040521
2 0.373302 0.542772 0.013196 0.019194
2 0.408091 0.539573 0.005998 0.021327
2 0.421887 0.547038 0.019194 0.027725
2 0.450079 0.552369 0.032390 0.063981
4 0.394895 0.535217 0.017995 0.033941
2 0.357706 0.552369 0.022793 0.029858
2 0.342111 0.552369 0.013196 0.021327
2 0.327115 0.549170 0.016795 0.036256
4 0.280329 0.540639 0.086374 0.104502
2 0.232943 0.587559 0.113966 0.155687
2 0.482469 0.566232 0.061182 0.074645
2 0.585639 0.619549 0.147556 0.211137
2 0.124376 0.633412 0.211137 0.217535
2 0.014802 0.778436 0.029604 0.226066
2 0.794667 0.680331 0.409660 0.354028
4 0.102354 0.523125 0.204346 0.206250