0 0.719008 0.530015 0.019891 0.079045
0 0.647048 0.536256 0.015211 0.041602
0 0.587960 0.560177 0.012871 0.058243
0 0.559001 0.551337 0.019306 0.034322
2 0.981786 0.496976 0.033347 0.065524
2 0.951120 0.485709 0.097116 0.088405
2 0.851225 0.514830 0.066694 0.052003
2 0.660212 0.579314 0.116422 0.085285
2 0.265606 0.657319 0.021061 0.027042
2 0.251565 0.663039 0.007020 0.019761
2 0.240742 0.668240 0.013456 0.021841
2 0.224946 0.668240 0.018136 0.036402
2 0.206810 0.671880 0.022816 0.033282
2 0.207102 0.683320 0.016381 0.035362
2 0.193354 0.684881 0.023986 0.053043
2 0.167261 0.692161 0.048558 0.082165
2 0.303633 0.643278 0.012871 0.017681
2 0.315919 0.644318 0.011701 0.019761
5 0.277014 0.630797 0.020476 0.026002
4 0.338735 0.622477 0.038612 0.067604
2 0.289300 0.654719 0.026327 0.040562
2 0.126367 0.714626 0.078395 0.111287
2 0.541274 0.697916 0.198678 0.383505
2 0.775463 0.551129 0.156204 0.107126
7 0.027643 0.583475 0.032762 0.028082
7 0.089657 0.615716 0.014041 0.019761
7 0.166589 0.625597 0.005265 0.012481
7 0.195840 0.600116 0.008776 0.017681
7 0.428684 0.442546 0.021646 0.014561
7 0.828848 0.287577 0.088340 0.131048
7 0.819487 0.150289 0.054408 0.072804
6 0.111815 0.391137 0.015796 0.067604
6 0.375080 0.388017 0.012286 0.046803
6 0.133169 0.388463 0.023401 0.069684
6 0.390306 0.387943 0.013486 0.045763
6 0.883811 0.259062 0.047224 0.095860
6 0.018188 0.638112 0.026808 0.035084
6 0.434583 0.532685 0.019306 0.028082
6 0.910413 0.262347 0.027505 0.076535