6 0.749668 0.185625 0.011865 0.037500
6 0.580259 0.205547 0.010547 0.030469
6 0.507749 0.216433 0.007910 0.028803
6 0.569712 0.211406 0.010547 0.028125
6 0.737803 0.187969 0.009229 0.042187
6 0.762852 0.180937 0.009229 0.028125
6 0.584873 0.202031 0.009229 0.018750
6 0.894687 0.164531 0.014502 0.046875
6 0.897324 0.282890 0.014502 0.025781
6 0.232212 0.307500 0.015820 0.032812
6 0.252647 0.311015 0.011865 0.039844
7 0.218370 0.158672 0.035596 0.021094
7 0.155088 0.135234 0.030322 0.063281
7 0.829429 0.233672 0.023730 0.011719
7 0.822837 0.190312 0.023730 0.018750
7 0.983018 0.211406 0.032959 0.056250
7 0.509068 0.169219 0.021094 0.046875
2 0.145860 0.377812 0.114697 0.079687
2 0.134654 0.398906 0.118652 0.075000
2 0.793174 0.364922 0.083057 0.128906
2 0.874253 0.418828 0.200390 0.203906
0 0.011956 0.420000 0.023912 0.098437
2 0.975767 0.391875 0.047461 0.164062
2 0.563120 0.470390 0.508886 0.494531
0 0.338340 0.377812 0.017139 0.051562