2 0.028433 0.559020 0.056865 0.082373
2 0.073168 0.567410 0.042903 0.056441
2 0.127226 0.567410 0.060064 0.053390
2 0.174418 0.564359 0.037754 0.044237
2 0.192866 0.542240 0.031748 0.030508
2 0.285965 0.551393 0.012013 0.021356
2 0.297549 0.562071 0.018019 0.018305
2 0.309990 0.561308 0.012013 0.019831
2 0.322432 0.560545 0.018019 0.018305
2 0.335303 0.562834 0.011155 0.013729
2 0.352464 0.559783 0.021451 0.019831
2 0.368338 0.560545 0.018877 0.018305
2 0.384641 0.559020 0.017161 0.021356
5 0.463581 0.568173 0.024025 0.039661
2 0.481171 0.570461 0.016303 0.025932
2 0.491039 0.571986 0.020593 0.028983
2 0.508629 0.571223 0.023167 0.042712
2 0.523645 0.576562 0.027458 0.035085
2 0.532654 0.581901 0.023167 0.030508
2 0.553677 0.583427 0.046335 0.054915
2 0.575128 0.587240 0.044619 0.059492
2 0.590573 0.595630 0.030890 0.051864
2 0.660933 0.575800 0.037754 0.045763
2 0.622321 0.612410 0.080657 0.091525
2 0.814095 0.673427 0.369820 0.466780
2 0.430117 0.581139 0.060064 0.102203
2 0.243062 0.574274 0.097818 0.128136
6 0.291971 0.487325 0.006864 0.024407
6 0.470875 0.510206 0.006006 0.015254
6 0.768189 0.253173 0.010297 0.065593
6 0.756177 0.253173 0.013729 0.074746
6 0.137522 0.497240 0.008581 0.025932
6 0.860859 0.377495 0.012013 0.064068
7 0.803369 0.310376 0.073792 0.033559
7 0.832114 0.404190 0.011155 0.013729
7 0.858285 0.424783 0.022309 0.024407