6 0.695760 0.586359 0.005731 0.025472
6 0.702208 0.583302 0.010029 0.025472
2 0.586725 0.659718 0.018626 0.048396
2 0.562368 0.655897 0.050147 0.086604
2 0.550906 0.673727 0.027223 0.071321
2 0.527981 0.669906 0.030088 0.109528
2 0.509355 0.672453 0.038685 0.135000
2 0.441298 0.687736 0.149010 0.185944
2 0.187695 0.658444 0.375389 0.341321
0 0.379688 0.620236 0.017193 0.045849
0 0.847492 0.649529 0.018626 0.035660
2 0.685587 0.662265 0.012895 0.035660
2 0.698482 0.666086 0.015761 0.043302
2 0.713527 0.672453 0.017193 0.061132
2 0.729287 0.671180 0.022925 0.068774
2 0.741466 0.671180 0.024357 0.073868
2 0.777285 0.675001 0.075938 0.101887
2 0.657648 0.662265 0.020059 0.020377
2 0.815254 0.699199 0.103160 0.109528
5 0.618963 0.641887 0.057311 0.101887