6 0.398985 0.161016 0.014502 0.063281
6 0.285606 0.356718 0.006592 0.028125
6 0.357456 0.361406 0.010547 0.028125
6 0.545982 0.347344 0.021094 0.028125
6 0.382505 0.161016 0.018457 0.063281
6 0.944785 0.230156 0.054053 0.098437
6 0.989609 0.221953 0.019775 0.086719
7 0.530161 0.308672 0.031641 0.025781
2 0.295494 0.428203 0.010547 0.016406
2 0.286265 0.428203 0.015820 0.025781
2 0.255284 0.430547 0.025049 0.044531
5 0.263853 0.422343 0.036914 0.056250
2 0.355479 0.425859 0.009229 0.021094
2 0.364707 0.424687 0.014502 0.023437
2 0.393711 0.437578 0.025049 0.039844
2 0.410850 0.443437 0.027686 0.046875
2 0.563780 0.427031 0.038232 0.032812
2 0.599375 0.420000 0.032959 0.032812
2 0.626402 0.422343 0.034277 0.028125
2 0.674522 0.412968 0.035596 0.028125
2 0.731870 0.418828 0.092285 0.053906
2 0.782627 0.430547 0.056689 0.077344
2 0.339659 0.429375 0.014502 0.023437
2 0.437217 0.457500 0.056689 0.070312
2 0.164317 0.456328 0.038232 0.067969
2 0.125425 0.466875 0.081738 0.098437
2 0.868320 0.734062 0.262353 0.492187
4 0.899302 0.409453 0.200390 0.232031
2 0.237486 0.447890 0.036914 0.044531