6 0.385801 0.251250 0.011865 0.060937
6 0.394370 0.315703 0.010547 0.039844
6 0.302085 0.316875 0.007910 0.023437
6 0.499839 0.330937 0.007910 0.032812
6 0.361411 0.353203 0.007910 0.030469
6 0.221006 0.403593 0.011865 0.018750
6 0.184751 0.394218 0.007910 0.018750
6 0.586851 0.445781 0.013184 0.018750
7 0.396348 0.378984 0.017139 0.021094
7 0.522251 0.322734 0.036914 0.039844
7 0.555004 0.420000 0.021506 0.023437
0 0.221665 0.458672 0.010547 0.049219
0 0.203868 0.456328 0.009229 0.053906
2 0.272394 0.428203 0.030266 0.035156
2 0.364707 0.475078 0.027686 0.053906
2 0.362071 0.493828 0.025049 0.063281
2 0.381846 0.446953 0.014502 0.030469
2 0.674522 0.564140 0.109424 0.119531
2 0.770637 0.544218 0.109674 0.065625
2 0.863047 0.547734 0.069873 0.072656
2 0.912542 0.564140 0.134360 0.077344
2 0.307706 0.434062 0.024424 0.032812
2 0.315928 0.510234 0.083057 0.124219
2 0.538072 0.592265 0.195117 0.274219
4 0.692319 0.476250 0.121289 0.056250
2 0.986313 0.580546 0.026367 0.063281
2 0.174864 0.424687 0.027686 0.023437
2 0.126653 0.612187 0.253306 0.276562
7 0.908530 0.396562 0.039551 0.032812
7 0.911167 0.444609 0.018457 0.025781
7 0.928306 0.347344 0.023730 0.018750