6 0.559501 0.266256 0.019891 0.066564
6 0.411487 0.254815 0.009361 0.035362
6 0.351228 0.245455 0.008190 0.041602
6 0.064561 0.063444 0.024571 0.085285
6 0.571786 0.265216 0.014041 0.068644
6 0.533174 0.268336 0.014041 0.054083
6 0.519133 0.167450 0.009361 0.052003
6 0.511528 0.177851 0.008190 0.047843
6 0.475256 0.320339 0.010531 0.041602
7 0.549555 0.359862 0.016381 0.024961
6 0.562426 0.329700 0.014041 0.031202
6 0.536684 0.325540 0.014041 0.027042
6 0.518548 0.320339 0.010531 0.033282
7 0.011908 0.046803 0.022231 0.043683
7 0.035894 0.081125 0.021061 0.045763
7 0.375800 0.240254 0.012871 0.018721
7 0.387500 0.269376 0.012871 0.027042
7 0.362344 0.256895 0.014041 0.027042
7 0.424358 0.283937 0.032762 0.018721
7 0.537854 0.222573 0.011701 0.037442
4 0.860209 0.384823 0.090095 0.062404
2 0.791760 0.401464 0.067864 0.033282
2 0.565351 0.410825 0.059674 0.047843
2 0.615079 0.402504 0.091265 0.064484
2 0.649011 0.411865 0.091265 0.058243
2 0.399786 0.380663 0.009361 0.012481
2 0.409147 0.380663 0.014041 0.012481
2 0.400956 0.397304 0.011701 0.020801
2 0.368194 0.387943 0.016381 0.018721
2 0.153486 0.401464 0.031592 0.037442
2 0.172793 0.394184 0.023401 0.031202
5 0.008398 0.407704 0.015211 0.058243
5 0.090303 0.374422 0.059674 0.024961
2 0.484031 0.401464 0.028082 0.037442
2 0.383990 0.398344 0.022231 0.035362
2 0.416752 0.399384 0.026912 0.033282
2 0.279854 0.405624 0.038612 0.041602
7 0.985406 0.170570 0.026912 0.083205
7 0.992427 0.058243 0.012871 0.041602
2 0.928073 0.458668 0.078395 0.089445
2 0.791175 0.484669 0.083075 0.112327
2 0.319636 0.403544 0.017551 0.016641
6 0.140031 0.319299 0.009361 0.035362
7 0.216085 0.341140 0.011701 0.016641
7 0.215500 0.358822 0.010531 0.018721