6 0.414781 0.434981 0.004874 0.013864
6 0.483017 0.434114 0.004874 0.015597
2 0.005361 0.578819 0.010723 0.083184
2 0.079447 0.550225 0.135498 0.112644
0 0.219332 0.486971 0.015597 0.031194
2 0.174003 0.532895 0.090657 0.084917
2 0.243215 0.519031 0.059463 0.064121
5 0.308527 0.491303 0.047766 0.060655
2 0.340208 0.492170 0.019496 0.038126
2 0.359217 0.488704 0.018521 0.034660
2 0.374814 0.488704 0.022421 0.024262
2 0.388461 0.490437 0.008773 0.024262
2 0.401621 0.492170 0.015597 0.020796
2 0.417705 0.488704 0.020471 0.027728
2 0.445000 0.484371 0.026320 0.043325
2 0.510312 0.492170 0.041917 0.062388
2 0.933379 0.646406 0.131599 0.246085
2 0.823225 0.557157 0.244677 0.240886
2 0.681391 0.535494 0.105279 0.121309
2 0.615591 0.519031 0.067262 0.088383
2 0.587322 0.507767 0.032169 0.069320
2 0.567338 0.500835 0.031194 0.062388
2 0.547355 0.496502 0.026320 0.043325
2 0.485454 0.486104 0.015597 0.036393
2 0.464496 0.487837 0.012673 0.025995
7 0.694560 0.386223 0.022405 0.061170