0 0.664804 0.466401 0.016373 0.090092
0 0.671041 0.476104 0.014813 0.087320
0 0.681176 0.492043 0.011695 0.141376
0 0.691701 0.494122 0.017152 0.142762
0 0.611164 0.476104 0.014813 0.090092
0 0.634164 0.478183 0.014034 0.080390
0 0.716026 0.487885 0.026508 0.152464
0 0.736297 0.481648 0.018711 0.137218
0 0.747992 0.514220 0.007796 0.058214
0 0.761246 0.512140 0.018711 0.065144
0 0.771381 0.509368 0.031186 0.067916
0 0.797889 0.490657 0.024949 0.160780
0 0.836092 0.481648 0.031186 0.189887
0 0.933236 0.483727 0.062372 0.260575
7 0.487668 0.306314 0.007017 0.013860
7 0.484647 0.342846 0.009356 0.054055
0 0.297532 0.490063 0.010915 0.071678
2 0.163043 0.496003 0.208165 0.255031
7 0.122892 0.345618 0.021830 0.023563
2 0.327159 0.493033 0.045219 0.088706
5 0.429682 0.454917 0.047558 0.079004
2 0.493223 0.476599 0.010915 0.024949
5 0.509986 0.449571 0.021050 0.134446
5 0.550137 0.458679 0.062372 0.153850
2 0.457360 0.471846 0.004678 0.019405
2 0.380954 0.505804 0.095117 0.128901
2 0.417987 0.473925 0.017932 0.037423
2 0.473342 0.473232 0.028847 0.052669
7 0.475291 0.379675 0.006237 0.012474
7 0.685308 0.342351 0.021830 0.022177
7 0.701681 0.353439 0.015593 0.011088