7 0.580985 0.481772 0.027295 0.013864
7 0.600482 0.525963 0.007798 0.022529
6 0.555640 0.477439 0.007798 0.019063
6 0.461572 0.463575 0.006824 0.022529
6 0.455235 0.461842 0.005849 0.025995
2 0.585860 0.541560 0.013647 0.015597
2 0.563926 0.536361 0.016572 0.025995
2 0.544430 0.550225 0.034118 0.022529
2 0.515673 0.563222 0.015597 0.024262
2 0.546380 0.570154 0.039967 0.048524
2 0.590734 0.585751 0.048740 0.069320
0 0.675542 0.551958 0.013647 0.043325
0 0.701862 0.548492 0.011698 0.046791
2 0.458160 0.622144 0.101380 0.142105
0 0.356780 0.573620 0.009748 0.038126
2 0.278795 0.593550 0.054589 0.081451
0 0.116490 0.571021 0.018521 0.053723
0 0.087245 0.563222 0.014622 0.031194
2 0.191062 0.590084 0.128675 0.133440
2 0.068237 0.619545 0.136473 0.133440
5 0.836873 0.443646 0.320712 0.880360