2 0.938571 0.693125 0.119265 0.394313
2 0.067906 0.575207 0.132449 0.459717
5 0.391460 0.466071 0.138756 0.244435
2 0.670234 0.486628 0.020183 0.044850
2 0.682218 0.491113 0.034058 0.062791
2 0.485436 0.475415 0.013876 0.040365
2 0.471561 0.485506 0.034058 0.056063
2 0.290547 0.501204 0.073162 0.091943
2 0.236306 0.521387 0.080731 0.087458
2 0.186480 0.484385 0.046673 0.053821
2 0.132870 0.479900 0.042888 0.022425
2 0.156206 0.535963 0.087038 0.107641
2 0.809621 0.540448 0.283819 0.291528
5 0.618516 0.447010 0.093345 0.192857
2 0.549138 0.479900 0.121096 0.219767
7 0.256489 0.371138 0.010091 0.024668
7 0.256489 0.402533 0.010091 0.042608
7 0.757903 0.384593 0.016398 0.047093