4 0.168439 0.395469 0.330476 0.790938
2 0.742972 0.551950 0.512918 0.583246
2 0.346480 0.532034 0.081619 0.156481
2 0.396091 0.504294 0.054413 0.095311
2 0.481711 0.554083 0.100823 0.220495
4 0.419297 0.472287 0.064015 0.116649
4 0.465307 0.472998 0.032808 0.052634
6 0.558529 0.307982 0.009602 0.044099
6 0.432100 0.335011 0.006401 0.035564
6 0.570132 0.306560 0.013603 0.038409
7 0.397292 0.335722 0.013603 0.025606
7 0.875802 0.234721 0.036008 0.059747
0 0.971824 0.517097 0.050412 0.166438
0 0.984227 0.506428 0.028807 0.136565
7 0.882604 0.301581 0.028807 0.022761