0 0.066287 0.451444 0.027295 0.088383
0 0.099430 0.447112 0.015597 0.076252
0 0.823713 0.469641 0.021446 0.083184
0 0.845158 0.467908 0.021446 0.090116
0 0.869529 0.470507 0.019496 0.077985
0 0.856369 0.436714 0.012673 0.038126
0 0.835898 0.483505 0.012673 0.058922
2 0.135986 0.473107 0.084808 0.086650
0 0.117952 0.446245 0.009748 0.029461
0 0.155482 0.417651 0.010723 0.020796
0 0.181314 0.422850 0.011698 0.048524
2 0.309989 0.476573 0.070186 0.100514
5 0.244677 0.423716 0.138423 0.199294
2 0.342645 0.423716 0.020471 0.022529
2 0.382612 0.428049 0.051665 0.031194
2 0.418680 0.426316 0.020471 0.013864
2 0.434764 0.416785 0.025345 0.029461
2 0.463034 0.429782 0.017547 0.027728
2 0.443050 0.467908 0.049715 0.083184
2 0.476194 0.422850 0.018521 0.027728
2 0.493253 0.420250 0.007798 0.022529
2 0.464496 0.409853 0.020471 0.019063
2 0.515673 0.428915 0.031194 0.019063
2 0.541993 0.429782 0.013647 0.020796
2 0.578548 0.441913 0.039967 0.058922
2 0.523959 0.456643 0.063363 0.043325
2 0.711610 0.516432 0.183264 0.228755
2 0.367990 0.512099 0.127700 0.150770
4 0.681878 0.420250 0.151095 0.168100
4 0.596095 0.428915 0.026320 0.084917
2 0.530295 0.650738 0.263198 0.372593
2 0.936790 0.707061 0.124775 0.308473