6 0.461755 0.378346 0.008289 0.030605
6 0.429556 0.392515 0.006376 0.024937
6 0.351770 0.401583 0.006376 0.027204
6 0.527154 0.391382 0.007014 0.027204
6 0.559352 0.393649 0.005101 0.031738
6 0.575292 0.404417 0.003826 0.030605
6 0.651849 0.484329 0.007014 0.015869
7 0.946964 0.310336 0.033792 0.073678
7 0.938357 0.179741 0.024229 0.049874
1 0.850687 0.528050 0.028692 0.047607
2 0.894736 0.535239 0.036343 0.031738
2 0.970929 0.523904 0.022953 0.040806
2 0.814718 0.513136 0.073961 0.062343
2 0.764986 0.514269 0.045907 0.057809
2 0.760841 0.520504 0.024866 0.038539
2 0.694850 0.512569 0.087988 0.054408
2 0.419091 0.499534 0.021041 0.021537
7 0.432927 0.451133 0.017853 0.031738
5 0.460981 0.478337 0.036980 0.077078
2 0.455349 0.496662 0.035068 0.057809
2 0.398603 0.494395 0.021041 0.035139
5 0.430801 0.493829 0.017853 0.036272
5 0.170061 0.365261 0.340121 0.730522