0 0.202368 0.450000 0.009229 0.028125
0 0.191162 0.440625 0.013184 0.056250
0 0.177319 0.446484 0.017139 0.053906
0 0.156885 0.455859 0.013184 0.053906
0 0.332226 0.465234 0.010547 0.049219
0 0.345410 0.467578 0.010547 0.067969
0 0.384301 0.461718 0.014502 0.065625
0 0.404077 0.464062 0.022412 0.065625
0 0.425830 0.465234 0.023730 0.091406
0 0.493066 0.464062 0.015820 0.046875
0 0.634790 0.455859 0.009229 0.025781
0 0.648632 0.471093 0.015820 0.065625
0 0.664453 0.479297 0.013184 0.082031
0 0.707958 0.472265 0.023730 0.086719
0 0.778491 0.478125 0.022412 0.093750
0 0.839135 0.491015 0.030322 0.138281
0 0.916786 0.489843 0.039551 0.150000
0 0.986132 0.512109 0.025049 0.171094
5 0.261694 0.420703 0.143701 0.213281
2 0.244555 0.520312 0.133154 0.178125
2 0.100854 0.578906 0.201709 0.417187
2 0.469336 0.460078 0.021094 0.039844
2 0.516137 0.463593 0.027686 0.042187
0 0.367822 0.455390 0.010547 0.030469
0 0.357934 0.470625 0.011865 0.060937
6 0.516978 0.761718 0.013184 0.000000
6 0.397485 0.356250 0.006592 0.018750
7 0.413305 0.410156 0.009229 0.018750
6 0.466699 0.350390 0.010547 0.030469
6 0.561621 0.418359 0.013184 0.021094
7 0.564257 0.365625 0.018457 0.014062
7 0.590097 0.393750 0.014238 0.018750
7 0.650610 0.352734 0.014502 0.021094
0 0.546460 0.465234 0.009229 0.039844
0 0.569663 0.458203 0.010811 0.049219
0 0.592866 0.464062 0.014502 0.060937
0 0.579682 0.465234 0.011865 0.063281