2 0.415974 0.382376 0.015776 0.035526
2 0.462251 0.388920 0.024191 0.033657
2 0.434380 0.387050 0.033657 0.052355
5 0.392309 0.365547 0.035760 0.069183
2 0.373377 0.380506 0.018932 0.043006
2 0.353919 0.385180 0.030501 0.048615
5 0.316056 0.382376 0.051537 0.076662
2 0.247691 0.402009 0.089400 0.108449
2 0.187740 0.406683 0.043122 0.065443
2 0.086245 0.417902 0.122005 0.095360
2 0.027872 0.395464 0.055744 0.065443
2 0.476976 0.382376 0.009466 0.028047
2 0.482235 0.383310 0.011569 0.041136
2 0.493804 0.387050 0.011569 0.037396
2 0.508529 0.386115 0.028398 0.057964
2 0.524831 0.399204 0.035760 0.061704
2 0.534823 0.400139 0.024191 0.059834
2 0.564799 0.402943 0.069417 0.091621
2 0.653430 0.406122 0.144578 0.183989
7 0.554807 0.328151 0.038915 0.024307
7 0.783040 0.139301 0.057847 0.035526
6 0.818991 0.234369 0.032605 0.057964
0 0.634837 0.426170 0.039107 0.194752