7 0.694063 0.215757 0.042892 0.077985
7 0.695038 0.292876 0.037043 0.072786
7 0.696500 0.356130 0.038018 0.060655
7 0.035580 0.461842 0.018521 0.043325
7 0.026320 0.429782 0.017547 0.034660
0 0.061413 0.584018 0.023395 0.124775
0 0.205197 0.581419 0.022421 0.088383
0 0.015110 0.595283 0.028269 0.119576
0 0.943614 0.549358 0.070186 0.197561
0 0.882201 0.558023 0.031194 0.124775
0 0.824200 0.569288 0.038018 0.213158
0 0.833948 0.566688 0.049715 0.183697
0 0.773997 0.575353 0.038992 0.256483
0 0.731106 0.583152 0.029244 0.195828
0 0.717946 0.583152 0.018521 0.188896
0 0.699425 0.577086 0.036068 0.225289
0 0.659945 0.587484 0.033143 0.204493
0 0.646785 0.584018 0.024370 0.201027
2 0.619490 0.564089 0.008773 0.025995
2 0.610230 0.566688 0.013647 0.027728
2 0.592683 0.569288 0.023395 0.036393
2 0.456697 0.571021 0.034118 0.067587
2 0.504950 0.581419 0.079934 0.091849
2 0.543455 0.573620 0.020471 0.041592
5 0.390411 0.530295 0.127700 0.166367
0 0.295367 0.577953 0.015597 0.060655