2 0.226343 0.484825 0.042239 0.055502
2 0.264450 0.475030 0.015610 0.029383
2 0.359027 0.452993 0.022956 0.037545
2 0.506862 0.440750 0.026629 0.078356
2 0.494007 0.433404 0.019283 0.063664
2 0.178595 0.478295 0.066112 0.084885
2 0.148294 0.505230 0.075295 0.089782
2 0.286946 0.467684 0.034893 0.050605
2 0.328267 0.467684 0.051421 0.063664
2 0.691885 0.416264 0.034893 0.035913
2 0.646892 0.444831 0.067949 0.079988
2 0.430649 0.508495 0.169872 0.239964
4 0.056471 0.446463 0.112024 0.406469
6 0.332858 0.339541 0.007346 0.022854
6 0.328726 0.341989 0.008264 0.027751
6 0.337908 0.339541 0.008264 0.026119
7 0.279141 0.337908 0.035811 0.022854
6 0.520636 0.330562 0.008264 0.024486
6 0.515126 0.331378 0.006428 0.022854
2 0.535174 0.421161 0.017446 0.022854
0 0.581531 0.425655 0.010101 0.042443
7 0.216535 0.390187 0.018365 0.013059
6 0.216994 0.415860 0.017446 0.022854
6 0.256019 0.417641 0.011019 0.016324
2 0.879255 0.485250 0.202010 0.182830
0 0.986752 0.459947 0.022166 0.200786