6 0.357664 0.428506 0.009361 0.058243
6 0.563011 0.418105 0.008190 0.049923
6 0.197364 0.501310 0.011701 0.037442
6 0.368194 0.428506 0.007020 0.058243
6 0.576467 0.418105 0.011701 0.054083
6 0.324902 0.542913 0.009361 0.070724
6 0.343038 0.531472 0.005850 0.035362
6 0.376970 0.548113 0.005850 0.022881
6 0.052275 0.528352 0.007020 0.024961
6 0.226031 0.573074 0.005850 0.027042
6 0.034724 0.596996 0.018721 0.024961
6 0.481106 0.582435 0.010531 0.020801
6 0.879515 0.487789 0.028082 0.043683
7 0.847923 0.411865 0.049143 0.024961
7 0.860209 0.440986 0.012871 0.024961
7 0.263473 0.568914 0.015211 0.022881
7 0.657202 0.496110 0.021061 0.010401
7 0.649011 0.510671 0.018721 0.018721
7 0.652521 0.539792 0.014041 0.018721
7 0.676508 0.523151 0.022231 0.047843
7 0.856114 0.326580 0.021061 0.029122
7 0.876005 0.375463 0.046803 0.047843
6 0.099663 0.608436 0.012871 0.018721
7 0.372875 0.490909 0.011701 0.049923
7 0.516793 0.600116 0.014041 0.022881
7 0.373460 0.574114 0.012871 0.024961
7 0.337187 0.568914 0.015211 0.018721
7 0.225446 0.614677 0.009361 0.014561
6 0.219595 0.607396 0.007020 0.016641
0 0.063976 0.653159 0.007020 0.033282
0 0.051690 0.665640 0.008190 0.041602
2 0.091473 0.652119 0.015211 0.031202
2 0.114874 0.646919 0.024571 0.029122
5 0.186833 0.635478 0.042123 0.047843
2 0.213160 0.642759 0.012871 0.029122
2 0.238316 0.639638 0.023401 0.035362
2 0.242412 0.643799 0.010531 0.035362
5 0.266983 0.638598 0.045633 0.045763
2 0.309691 0.642759 0.035102 0.029122
2 0.829202 0.690601 0.175511 0.199692
2 0.930413 0.703082 0.134558 0.361942
2 0.423188 0.635478 0.046803 0.027042
2 0.520888 0.632358 0.031592 0.024961
2 0.578807 0.630278 0.039782 0.029122
2 0.614494 0.624037 0.022231 0.024961
0 0.477011 0.637558 0.014041 0.072804
1 0.478766 0.653159 0.015211 0.041602
1 0.720385 0.742605 0.044463 0.149769
0 0.713365 0.662520 0.056163 0.239214
7 0.340113 0.624037 0.009361 0.020801
2 0.130085 0.657319 0.017551 0.024961
0 0.658372 0.619877 0.011701 0.062404
2 0.027704 0.688521 0.018721 0.024961
2 0.012493 0.692682 0.011701 0.029122
0 0.003717 0.680201 0.005850 0.079045