2 0.189454 0.522536 0.202708 0.196817
2 0.091998 0.473331 0.054575 0.051283
2 0.275995 0.465015 0.062372 0.067916
2 0.594870 0.510754 0.070168 0.103953
2 0.054185 0.561345 0.108371 0.393634
2 0.874916 0.616093 0.249178 0.245328
2 0.733257 0.558573 0.145794 0.144148
2 0.419743 0.514598 0.348694 0.618929
7 0.123928 0.225231 0.065561 0.031879
7 0.290808 0.357597 0.012474 0.030493
7 0.539125 0.336114 0.013254 0.031879
7 0.596819 0.370072 0.011695 0.030493
7 0.794459 0.260575 0.037423 0.085934
7 0.794459 0.158701 0.038982 0.090092