2 0.033383 0.376602 0.025583 0.016639
2 0.048982 0.372165 0.023087 0.018858
2 0.073005 0.371056 0.023711 0.018858
2 0.106075 0.371056 0.013727 0.018858
2 0.174712 0.366341 0.012479 0.024404
2 0.165353 0.361211 0.016223 0.023018
2 0.437717 0.343601 0.074253 0.074322
2 0.467356 0.348593 0.107323 0.077650
2 0.585910 0.316978 0.071133 0.025514
2 0.923948 0.297566 0.025583 0.035497
2 0.901173 0.300893 0.036190 0.053246
2 0.821304 0.302003 0.024959 0.039934
2 0.790105 0.306995 0.042430 0.045481
2 0.756099 0.315314 0.038062 0.037716
2 0.984785 0.292574 0.014975 0.047699
2 0.968250 0.297566 0.020591 0.033279
2 0.089228 0.373274 0.021215 0.025514
2 0.128538 0.378266 0.039934 0.046590
2 0.243661 0.359408 0.084236 0.122021
2 0.857588 0.311154 0.076125 0.125349
7 0.047422 0.273993 0.036190 0.053246
7 0.051166 0.321138 0.016223 0.027732
7 0.058653 0.342214 0.009984 0.009984
7 0.189688 0.320583 0.011232 0.022186
7 0.475467 0.079314 0.104827 0.098726
7 0.479523 0.151972 0.099212 0.031060
7 0.506042 0.206882 0.048670 0.078759
7 0.558144 0.228513 0.035566 0.039934
7 0.556272 0.258463 0.035566 0.011093
7 0.597766 0.251808 0.008736 0.026623
7 0.737037 0.252362 0.013727 0.025514
7 0.138990 0.069330 0.028079 0.055464
7 0.217454 0.290355 0.028079 0.043262
7 0.438341 0.014698 0.040558 0.028841
7 0.496932 0.012202 0.029951 0.024404
7 0.555460 0.190242 0.037688 0.038825
7 0.738784 0.281758 0.016223 0.031060
7 0.980885 0.161401 0.017471 0.047699
6 0.172372 0.071549 0.018719 0.059901
6 0.337101 0.214092 0.009984 0.045481
6 0.736444 0.205772 0.010608 0.033279
6 0.890409 0.159182 0.008736 0.029951
6 0.906632 0.230177 0.006240 0.018858
6 0.901329 0.250144 0.006864 0.014421
6 0.987125 0.220193 0.013727 0.029951
4 0.135402 0.359963 0.049918 0.063229
7 0.194056 0.343878 0.008736 0.017749