2 0.521522 0.413030 0.007798 0.013864
2 0.517136 0.413896 0.006824 0.015597
2 0.512262 0.413896 0.006824 0.015597
2 0.503976 0.415629 0.013647 0.022529
2 0.495690 0.412163 0.008773 0.015597
2 0.489841 0.413030 0.008773 0.013864
2 0.483992 0.413896 0.010723 0.015597
2 0.478631 0.417480 0.013647 0.019298
2 0.452311 0.419095 0.027295 0.039859
2 0.433302 0.424294 0.016572 0.029461
2 0.424041 0.430360 0.015597 0.027728
2 0.414781 0.434692 0.016572 0.036393
2 0.392360 0.435559 0.036068 0.045058
2 0.322174 0.457221 0.038018 0.060655
2 0.276845 0.457221 0.064337 0.095315
2 0.207147 0.478017 0.104304 0.119576
2 0.081153 0.524230 0.161818 0.138639
2 0.556372 0.413319 0.009748 0.013864
2 0.562220 0.411586 0.011698 0.017330
2 0.566120 0.411586 0.013647 0.017330
2 0.580742 0.412452 0.021446 0.029461
2 0.614860 0.426316 0.033143 0.039859
2 0.676273 0.436714 0.048740 0.077985
2 0.712341 0.442779 0.060438 0.093582
2 0.758157 0.448845 0.083833 0.119576
2 0.848814 0.454910 0.171566 0.169833
2 0.937288 0.507767 0.123801 0.204493
2 0.537617 0.428915 0.038018 0.060655
7 0.615764 0.209692 0.015597 0.017330
7 0.618688 0.315404 0.029244 0.013864
7 0.655243 0.337933 0.010723 0.010398
7 0.647932 0.363928 0.013647 0.013864
6 0.255085 0.386457 0.007798 0.017330
6 0.262883 0.386457 0.007798 0.024262
6 0.341843 0.389057 0.009748 0.019063
6 0.388146 0.286810 0.006824 0.029461
6 0.375961 0.287677 0.003899 0.027728
6 0.588469 0.300674 0.007798 0.022529
6 0.477828 0.368261 0.008773 0.015597
6 0.499762 0.380392 0.007798 0.015597
6 0.546552 0.362195 0.005849 0.017330
7 0.563124 0.367394 0.015597 0.013864
7 0.702522 0.344865 0.017547 0.017330