7 0.569546 0.528478 0.054413 0.035564
7 0.611556 0.527766 0.015204 0.031296
2 0.599258 0.554083 0.026406 0.021338
2 0.564050 0.549816 0.044010 0.009958
2 0.577653 0.578978 0.079218 0.054057
2 0.549647 0.593915 0.119228 0.098156
2 0.480831 0.604584 0.215250 0.128030
2 0.394411 0.538435 0.103224 0.049789
2 0.384409 0.554084 0.056013 0.032719
2 0.345200 0.571154 0.084820 0.078240
2 0.322394 0.587513 0.077618 0.099579
2 0.248386 0.582636 0.180042 0.145100
2 0.278393 0.527157 0.051212 0.028451
2 0.161566 0.592594 0.140833 0.130875
2 0.049576 0.559875 0.099151 0.170706
5 0.714551 0.535794 0.213649 0.363970
5 0.931801 0.554896 0.134431 0.285933
2 0.108633 0.516875 0.050625 0.018750
0 0.830039 0.620937 0.044297 0.178125