6 0.764386 0.256635 0.032390 0.051185
6 0.590437 0.331279 0.013196 0.029858
6 0.225146 0.376066 0.047986 0.076777
0 0.708602 0.385663 0.026392 0.087441
0 0.977922 0.412322 0.041988 0.234597
2 0.434483 0.381398 0.013196 0.019194
2 0.413490 0.380331 0.016795 0.034123
2 0.396695 0.383531 0.021594 0.027725
0 0.366104 0.379265 0.005998 0.031991
0 0.346909 0.371801 0.010797 0.042654
0 0.332514 0.377132 0.008398 0.044787
0 0.310920 0.371801 0.010797 0.046919
2 0.606033 0.418720 0.058783 0.127962
2 0.516659 0.473104 0.194342 0.262322