7 0.025661 0.319395 0.044302 0.016639
7 0.027533 0.349900 0.034318 0.026623
2 0.487178 0.455203 0.021215 0.014421
2 0.466141 0.459640 0.013727 0.016639
2 0.464269 0.469624 0.014975 0.012202
2 0.463645 0.478498 0.016223 0.016639
2 0.451790 0.493473 0.017471 0.024404
2 0.445238 0.500684 0.015599 0.025514
2 0.425583 0.499020 0.029951 0.042153
2 0.404368 0.509716 0.051166 0.048016
2 0.353871 0.522632 0.040558 0.075431
2 0.329224 0.532615 0.052414 0.088743
2 0.252965 0.536498 0.129162 0.132005
2 0.531302 0.467722 0.014975 0.014421
2 0.532550 0.477706 0.013727 0.023295
2 0.537229 0.489908 0.019343 0.032169
2 0.544093 0.498227 0.016847 0.031060
2 0.544405 0.499891 0.012479 0.029951
2 0.550957 0.502664 0.013103 0.035497
2 0.565308 0.505438 0.023087 0.043262
2 0.575916 0.510984 0.038062 0.047699
2 0.632519 0.512648 0.091367 0.119803
2 0.677891 0.545927 0.110443 0.117584