2 0.090641 0.577153 0.181282 0.182143
2 0.950385 0.607398 0.097290 0.206633
7 0.650941 0.394244 0.019802 0.033673
7 0.648358 0.414908 0.016358 0.022959
7 0.585507 0.465418 0.011193 0.019898
2 0.492991 0.495000 0.030995 0.027551
2 0.469745 0.498061 0.024107 0.030612
2 0.453387 0.499592 0.018941 0.030612
2 0.445207 0.501888 0.014636 0.032143
2 0.436167 0.503419 0.015497 0.038265
2 0.427558 0.505715 0.018941 0.042857
2 0.414213 0.505715 0.024968 0.042857
2 0.408616 0.511837 0.025829 0.042857
2 0.396993 0.511072 0.023246 0.053571
2 0.369873 0.511837 0.048214 0.067347
2 0.348779 0.525612 0.040466 0.067347
2 0.299273 0.519490 0.072321 0.104082
2 0.218543 0.540051 0.104177 0.127041
2 0.532158 0.500323 0.025829 0.035204
2 0.741295 0.561735 0.162723 0.171429
2 0.570823 0.501276 0.030134 0.039796
2 0.602679 0.483674 0.009471 0.013776
2 0.612580 0.491327 0.018941 0.019898
2 0.590625 0.506633 0.035300 0.047449
2 0.614302 0.508163 0.029273 0.059694
2 0.627647 0.511225 0.040466 0.068878
2 0.649602 0.515817 0.048214 0.075000
2 0.669834 0.522704 0.045631 0.076531
2 0.871420 0.563419 0.154975 0.160714