2 0.572820 0.599528 0.234390 0.340158
2 0.526181 0.443268 0.095669 0.125433
2 0.475955 0.474095 0.014350 0.025512
2 0.443666 0.457087 0.043051 0.055276
2 0.222431 0.458575 0.239173 0.355039
2 0.043051 0.493654 0.050226 0.089291
7 0.385069 0.375236 0.019134 0.014882
7 0.385069 0.407126 0.028701 0.044646
7 0.827540 0.276378 0.034680 0.014882
0 0.856838 0.460276 0.051422 0.155197
0 0.889964 0.450709 0.021047 0.110551
0 0.774204 0.436039 0.016742 0.082913
0 0.741318 0.453047 0.017938 0.112677
0 0.709029 0.462614 0.020330 0.097795
0 0.668250 0.481961 0.035876 0.099921
0 0.395234 0.458681 0.009567 0.042520
0 0.359956 0.459744 0.015546 0.057402
0 0.417955 0.458681 0.009567 0.046772
6 0.670796 0.305383 0.008371 0.019134
6 0.679167 0.385107 0.010763 0.017008
6 0.425045 0.303257 0.011959 0.036142
6 0.414282 0.303257 0.007175 0.040394
6 0.223542 0.249044 0.015546 0.051024
7 0.673785 0.359140 0.021526 0.010630
7 0.829248 0.301738 0.021526 0.023386
0 0.760486 0.455872 0.020330 0.106299
7 0.458529 0.368099 0.009567 0.042520
2 0.964631 0.589323 0.068164 0.460063