2 0.575624 0.496502 0.014622 0.012131
7 0.738417 0.379525 0.016572 0.024262
6 0.760838 0.396855 0.014622 0.020796
6 0.692601 0.423716 0.008773 0.025995
2 0.542237 0.494769 0.011698 0.020796
2 0.529564 0.487837 0.015597 0.031194
2 0.521278 0.493903 0.014622 0.025995
2 0.504707 0.486971 0.026320 0.039859
2 0.501782 0.488704 0.022421 0.032927
2 0.494959 0.491303 0.022421 0.041592
2 0.486673 0.495636 0.025345 0.046791
2 0.472051 0.500835 0.019496 0.046791
2 0.460353 0.501701 0.025345 0.051990
2 0.440857 0.507767 0.044841 0.057189
2 0.413562 0.511233 0.042892 0.064121
2 0.378469 0.522497 0.060438 0.079718
2 0.333141 0.528562 0.071161 0.105712
2 0.225424 0.536361 0.169617 0.194095
2 0.092241 0.605681 0.184482 0.246085
2 0.601700 0.488704 0.013647 0.029461
2 0.609905 0.487548 0.019496 0.045058
2 0.619165 0.485815 0.020471 0.048524
2 0.632325 0.486682 0.027295 0.064121
2 0.647435 0.500546 0.034118 0.071053
2 0.667418 0.505745 0.040942 0.084917
2 0.704461 0.516143 0.062388 0.102247
2 0.748815 0.531451 0.090657 0.149037
2 0.875053 0.558312 0.247601 0.438447