7 0.309721 0.493365 0.022793 0.038389
7 0.351708 0.498696 0.049185 0.031991
7 0.401493 0.501895 0.047986 0.029858
6 0.237142 0.488033 0.007198 0.023460
6 0.193955 0.533886 0.004799 0.017062
7 0.188556 0.488033 0.025193 0.019194
2 0.289926 0.572274 0.009597 0.025592
2 0.278530 0.569075 0.017995 0.027725
2 0.266533 0.576540 0.025193 0.034123
4 0.240741 0.555213 0.035989 0.034123
2 0.157366 0.566943 0.013196 0.023460
2 0.133973 0.603199 0.047986 0.057583
2 0.247939 0.588270 0.040788 0.040521
2 0.189756 0.596801 0.075578 0.087441
2 0.050791 0.618128 0.101582 0.159952
2 0.443481 0.585071 0.038389 0.051185
2 0.496865 0.606398 0.053984 0.059716
2 0.352308 0.609597 0.105569 0.164218
7 0.606033 0.502962 0.017995 0.040521
0 0.555647 0.586137 0.013196 0.053318
0 0.610231 0.594668 0.021594 0.074645