7 0.786269 0.282187 0.041133 0.058125
7 0.788906 0.331875 0.025312 0.041250
2 0.478322 0.416894 0.021094 0.043125
2 0.455118 0.442207 0.042187 0.086250
2 0.424005 0.463769 0.074883 0.106875
2 0.384982 0.490957 0.100195 0.146250
2 0.235216 0.490019 0.266836 0.331875
2 0.643092 0.431235 0.026367 0.056806
7 0.183730 0.188575 0.034680 0.082913
2 0.681549 0.447431 0.076017 0.096698
2 0.748393 0.473570 0.106860 0.167726
2 0.873598 0.497022 0.242466 0.248381
2 0.554259 0.542519 0.221484 0.316875
2 0.953986 0.557519 0.087061 0.286875
2 0.123937 0.546803 0.247544 0.497480
7 0.421109 0.345898 0.011959 0.031890
7 0.428285 0.346961 0.009567 0.021260