7 0.304140 0.363928 0.035093 0.083184
7 0.781796 0.353530 0.031194 0.062388
7 0.949463 0.350931 0.017547 0.039859
2 0.220794 0.534628 0.108204 0.147304
2 0.139398 0.494769 0.023395 0.029461
2 0.095044 0.488704 0.016572 0.024262
2 0.076522 0.487837 0.010723 0.015597
2 0.766686 0.537227 0.207634 0.152503
2 0.936303 0.524230 0.125750 0.129974
5 0.010723 0.483505 0.021446 0.051990
5 0.292442 0.473973 0.062388 0.095315
2 0.025832 0.491303 0.012673 0.022529
2 0.038505 0.493903 0.010723 0.017330
2 0.045816 0.487837 0.013647 0.025995
2 0.127212 0.493903 0.008773 0.024262
2 0.333384 0.470507 0.023395 0.029461
2 0.348981 0.464442 0.007798 0.031194
2 0.335334 0.448845 0.025345 0.010398
2 0.058976 0.488704 0.010723 0.013864
2 0.066287 0.486971 0.005849 0.017330